Time,ó‚ãpêÖëóÇËâ∑ìx,îrîMâÒé˚ï‚ããêÖâ∑ìx
2023-03-08 08:20:00,  16.8,  12.1
2023-03-08 08:22:00,  16.9,  12.1
2023-03-08 08:23:00,  17.2,  12.2
2023-03-08 08:24:00,  17.3,  12.2
2023-03-08 08:25:00,  17.2,  12.2
2023-03-08 08:26:00,  16.9,  12.1
2023-03-08 08:27:00,  16.9,  12.1
2023-03-08 08:28:00,  16.8,  12.3
2023-03-08 08:29:00,  16.6,  12.2
2023-03-08 08:30:00,  16.7,  12.3
2023-03-08 08:31:00,  16.6,  12.2
2023-03-08 08:32:00,  16.6,  12.2
2023-03-08 08:33:00,  16.8,  12.4
2023-03-08 08:34:00,  16.7,  12.3
2023-03-08 08:35:00,  17.0,  12.5
2023-03-08 08:36:00,  16.9,  12.4
2023-03-08 08:37:00,  16.8,  12.3
2023-03-08 08:38:00,  17.0,  12.4
2023-03-08 08:39:00,  17.0,  12.3
2023-03-08 08:40:00,  17.1,  12.3
2023-03-08 08:41:00,  17.1,  12.2
2023-03-08 08:42:00,  17.1,  12.1
2023-03-08 08:43:00,  17.5,  12.3
2023-03-08 08:44:00,  17.4,  12.1
2023-03-08 08:45:00,  17.4,  12.1
2023-03-08 08:46:00,  17.6,  12.2
2023-03-08 08:47:00,  17.4,  12.0
2023-03-08 08:48:00,  17.6,  12.1
2023-03-08 08:49:00,  17.4,  11.9
2023-03-08 08:50:00,  17.5,  12.0
2023-03-08 08:51:00,  17.5,  12.0
2023-03-08 08:52:00,  17.7,  12.1
2023-03-08 08:53:00,  17.5,  11.9
2023-03-08 08:54:00,  17.7,  12.1
2023-03-08 08:55:00,  17.5,  12.0
2023-03-08 08:56:00,  17.6,  12.0
2023-03-08 08:57:00,  17.4,  12.0
2023-03-08 08:58:00,  17.3,  12.0
2023-03-08 08:59:00,  17.1,  12.0
2023-03-08 09:00:00,  17.3,  12.3
2023-03-08 09:01:00,  17.2,  12.3
2023-03-08 09:02:00,  17.0,  12.2
2023-03-08 09:03:00,  17.2,  12.3
2023-03-08 09:04:00,  17.6,  12.6
2023-03-08 09:05:00,  17.5,  12.4
2023-03-08 09:06:00,  17.7,  12.5
2023-03-08 09:07:00,  18.0,  12.6
2023-03-08 09:08:00,  18.1,  12.8
2023-03-08 09:09:00,  17.8,  12.6
2023-03-08 09:10:00,  17.9,  12.8
2023-03-08 09:11:00,  17.9,  12.8
2023-03-08 09:12:00,  18.1,  12.9
2023-03-08 09:13:00,  18.0,  12.9
2023-03-08 09:14:00,  17.9,  12.9
2023-03-08 09:15:00,  17.6,  12.8
2023-03-08 09:16:00,  17.9,  13.0
2023-03-08 09:17:00,  17.8,  12.9
2023-03-08 09:18:00,  17.9,  12.9
2023-03-08 09:19:00,  18.1,  13.0
2023-03-08 09:20:00,  18.3,  13.1
2023-03-08 09:21:00,  18.4,  13.0
2023-03-08 09:22:00,  18.4,  13.0
2023-03-08 09:23:00,  18.6,  13.1
2023-03-08 09:24:00,  18.9,  13.3
2023-03-08 09:25:00,  19.0,  13.3
2023-03-08 09:26:00,  18.6,  13.2
2023-03-08 09:27:00,  18.2,  13.2
2023-03-08 09:28:00,  17.7,  13.1
2023-03-08 09:29:00,  17.2,  13.1
2023-03-08 09:30:00,  16.9,  13.2
2023-03-08 09:31:00,  16.6,  13.3
2023-03-08 09:32:00,  15.9,  13.2
2023-03-08 09:33:00,  15.8,  13.4
2023-03-08 09:34:00,  15.3,  13.2
2023-03-08 09:35:00,  15.5,  13.4
2023-03-08 09:36:00,  15.7,  13.4
2023-03-08 09:37:00,  16.1,  13.4
2023-03-08 09:38:00,  16.3,  13.3
2023-03-08 09:39:00,  16.7,  13.2
2023-03-08 09:40:00,  17.3,  13.4
2023-03-08 09:41:00,  17.6,  13.3
2023-03-08 09:42:00,  17.8,  13.2
2023-03-08 09:43:00,  18.1,  13.3
2023-03-08 09:44:00,  18.5,  13.4
2023-03-08 09:45:00,  18.3,  13.3
2023-03-08 09:46:00,  18.4,  13.4
2023-03-08 09:47:00,  18.3,  13.4
2023-03-08 09:48:00,  18.2,  13.6
2023-03-08 09:49:00,  18.1,  13.6
2023-03-08 09:50:00,  18.1,  13.8
2023-03-08 09:51:00,  18.0,  13.8
2023-03-08 09:52:00,  17.7,  13.6
2023-03-08 09:53:00,  18.0,  13.7
2023-03-08 09:54:00,  17.8,  13.5
2023-03-08 09:55:00,  18.1,  13.6
2023-03-08 09:56:00,  18.0,  13.4
2023-03-08 09:57:00,  18.0,  13.2
2023-03-08 09:58:00,  18.3,  13.3
2023-03-08 09:59:00,  18.0,  13.0
2023-03-08 10:00:00,  18.3,  13.1
2023-03-08 10:01:00,  18.1,  12.9
2023-03-08 10:02:00,  18.2,  12.8
2023-03-08 10:03:00,  18.5,  13.0
2023-03-08 10:04:00,  18.6,  12.8
2023-03-08 10:05:00,  18.8,  12.8
2023-03-08 10:06:00,  18.9,  12.8
2023-03-08 10:07:00,  18.7,  12.9
2023-03-08 10:08:00,  17.9,  12.7
2023-03-08 10:09:00,  17.4,  12.8
2023-03-08 10:10:00,  16.7,  12.8
2023-03-08 10:11:00,  16.3,  12.8
2023-03-08 10:12:00,  16.0,  12.8
2023-03-08 10:13:00,  15.9,  13.1
2023-03-08 10:14:00,  15.7,  13.0
2023-03-08 10:15:00,  16.0,  13.2
2023-03-08 10:16:00,  16.1,  13.3
2023-03-08 10:17:00,  16.3,  13.3
2023-03-08 10:18:00,  16.3,  13.3
2023-03-08 10:19:00,  16.5,  13.4
2023-03-08 10:20:00,  16.3,  13.3
2023-03-08 10:21:00,  16.3,  13.3
2023-03-08 10:22:00,  16.3,  13.3
2023-03-08 10:23:00,  16.3,  13.3
2023-03-08 10:24:00,  16.7,  13.6
2023-03-08 10:25:00,  16.8,  13.5
2023-03-08 10:26:00,  17.0,  13.4
2023-03-08 10:27:00,  17.1,  13.2
2023-03-08 10:28:00,  17.4,  13.3
2023-03-08 10:29:00,  17.5,  13.2
2023-03-08 10:30:00,  17.8,  13.3
2023-03-08 10:31:00,  18.0,  13.3
2023-03-08 10:32:00,  18.0,  13.3
2023-03-08 10:33:00,  17.9,  13.3
2023-03-08 10:34:00,  17.7,  13.1
2023-03-08 10:35:00,  17.9,  13.2
2023-03-08 10:36:00,  17.7,  13.1
2023-03-08 10:37:00,  17.5,  13.0
2023-03-08 10:38:00,  17.7,  13.1
2023-03-08 10:39:00,  17.7,  13.1
2023-03-08 10:40:00,  18.0,  13.2
2023-03-08 10:41:00,  18.1,  13.1
2023-03-08 10:42:00,  18.2,  13.0
2023-03-08 10:43:00,  18.3,  13.0
2023-03-08 10:44:00,  18.0,  12.8
2023-03-08 10:45:00,  17.9,  12.7
2023-03-08 10:46:00,  18.1,  12.8
2023-03-08 10:47:00,  18.1,  12.8
2023-03-08 10:48:00,  18.1,  12.9
2023-03-08 10:49:00,  17.9,  12.8
2023-03-08 10:50:00,  17.9,  12.8
2023-03-08 10:51:00,  17.8,  12.7
2023-03-08 10:52:00,  17.8,  12.6
2023-03-08 10:53:00,  18.0,  12.7
2023-03-08 10:54:00,  18.2,  12.7
2023-03-08 10:55:00,  18.3,  12.7
2023-03-08 10:56:00,  18.5,  12.6
2023-03-08 10:57:00,  18.6,  12.7
2023-03-08 10:58:00,  18.6,  12.7
2023-03-08 10:59:00,  18.8,  12.8
2023-03-08 11:00:00,  18.8,  12.8
2023-03-08 11:01:00,  18.6,  12.7
2023-03-08 11:02:00,  18.5,  12.7
2023-03-08 11:03:00,  18.7,  12.7
2023-03-08 11:04:00,  18.6,  12.6
2023-03-08 11:05:00,  18.8,  12.7
2023-03-08 11:06:00,  18.8,  12.6
2023-03-08 11:07:00,  18.5,  12.6
2023-03-08 11:08:00,  17.8,  12.4
2023-03-08 11:09:00,  17.2,  12.3
2023-03-08 11:10:00,  16.6,  12.3
2023-03-08 11:11:00,  16.4,  12.5
2023-03-08 11:12:00,  15.9,  12.4
2023-03-08 11:13:00,  15.8,  12.4
2023-03-08 11:14:00,  15.8,  12.4
2023-03-08 11:15:00,  15.8,  12.3
2023-03-08 11:16:00,  16.0,  12.3
2023-03-08 11:17:00,  16.1,  12.3
2023-03-08 11:18:00,  15.9,  12.1
2023-03-08 11:19:00,  16.2,  12.3
2023-03-08 11:20:00,  16.1,  12.1
2023-03-08 11:21:00,  15.9,  12.0
2023-03-08 11:22:00,  16.0,  12.1
2023-03-08 11:23:00,  16.2,  12.1
2023-03-08 11:24:00,  16.4,  12.2
2023-03-08 11:25:00,  16.6,  12.2
2023-03-08 11:26:00,  16.6,  12.0
2023-03-08 11:27:00,  16.8,  12.0
2023-03-08 11:28:00,  16.9,  12.0
2023-03-08 11:29:00,  16.9,  12.0
2023-03-08 11:30:00,  17.3,  12.2
2023-03-08 11:31:00,  17.1,  12.1
2023-03-08 11:32:00,  17.0,  12.1
2023-03-08 11:33:00,  17.1,  12.0
2023-03-08 11:34:00,  17.2,  12.1
2023-03-08 11:35:00,  17.0,  12.0
2023-03-08 11:36:00,  17.3,  12.2
2023-03-08 11:37:00,  17.3,  12.2
2023-03-08 11:38:00,  17.1,  12.1
2023-03-08 11:39:00,  17.1,  12.3
2023-03-08 11:40:00,  16.8,  12.2
2023-03-08 11:41:00,  16.8,  12.3
2023-03-08 11:42:00,  16.7,  12.2
2023-03-08 11:43:00,  16.9,  12.5
2023-03-08 11:44:00,  16.9,  12.3
2023-03-08 11:45:00,  16.9,  12.3
2023-03-08 11:46:00,  17.3,  12.5
2023-03-08 11:47:00,  17.2,  12.4
2023-03-08 11:48:00,  17.2,  12.4
2023-03-08 11:49:00,  17.4,  12.5
2023-03-08 11:50:00,  17.2,  12.4
2023-03-08 11:51:00,  16.9,  12.4
2023-03-08 11:52:00,  17.1,  12.5
2023-03-08 11:53:00,  17.1,  12.5
2023-03-08 11:54:00,  16.9,  12.2
2023-03-08 11:55:00,  17.1,  12.2
2023-03-08 11:56:00,  17.0,  12.0
2023-03-08 11:57:00,  17.3,  12.1
2023-03-08 11:58:00,  17.3,  12.0
2023-03-08 11:59:00,  17.3,  12.0
2023-03-08 12:00:00,  17.0,  11.9
2023-03-08 12:01:00,  17.2,  11.9
2023-03-08 12:02:00,  17.1,  11.8
2023-03-08 12:03:00,  17.0,  11.7
2023-03-08 12:04:00,  17.1,  11.7
2023-03-08 12:05:00,  17.1,  11.7
2023-03-08 12:06:00,  17.2,  11.9
2023-03-08 12:07:00,  17.3,  12.0
2023-03-08 12:08:00,  17.1,  11.9
2023-03-08 12:09:00,  17.0,  11.8
2023-03-08 12:10:00,  17.2,  11.9
2023-03-08 12:11:00,  17.1,  11.9
2023-03-08 12:12:00,  17.3,  12.0
2023-03-08 12:13:00,  17.1,  11.9
2023-03-08 12:14:00,  17.4,  12.0
2023-03-08 12:15:00,  17.5,  12.1
2023-03-08 12:16:00,  17.4,  12.1
2023-03-08 12:17:00,  17.3,  12.1
2023-03-08 12:18:00,  17.3,  12.2
2023-03-08 12:19:00,  17.4,  12.3
2023-03-08 12:20:00,  17.3,  12.1
2023-03-08 12:21:00,  17.5,  12.1
2023-03-08 12:22:00,  18.0,  12.4
2023-03-08 12:23:00,  17.9,  12.2
2023-03-08 12:24:00,  18.0,  12.3
2023-03-08 12:25:00,  18.1,  12.4
2023-03-08 12:26:00,  18.0,  12.4
2023-03-08 12:27:00,  17.8,  12.3
2023-03-08 12:28:00,  17.9,  12.4
2023-03-08 12:29:00,  17.9,  12.4
2023-03-08 12:30:00,  18.1,  12.4
2023-03-08 12:31:00,  18.3,  12.5
2023-03-08 12:32:00,  18.0,  12.4
2023-03-08 12:33:00,  18.0,  12.5
2023-03-08 12:34:00,  18.0,  12.4
2023-03-08 12:35:00,  18.2,  12.6
2023-03-08 12:36:00,  18.1,  12.4
2023-03-08 12:37:00,  18.3,  12.4
2023-03-08 12:38:00,  18.4,  12.4
2023-03-08 12:39:00,  18.4,  12.5
2023-03-08 12:40:00,  18.4,  12.6
2023-03-08 12:41:00,  18.3,  12.6
2023-03-08 12:42:00,  18.1,  12.6
2023-03-08 12:43:00,  17.9,  12.5
2023-03-08 12:44:00,  18.0,  12.6
2023-03-08 12:45:00,  17.9,  12.6
2023-03-08 12:46:00,  18.1,  12.8
2023-03-08 12:47:00,  18.0,  12.8
2023-03-08 12:48:00,  17.9,  12.8
2023-03-08 12:49:00,  18.0,  12.8
2023-03-08 12:50:00,  18.2,  12.9
2023-03-08 12:51:00,  18.2,  12.8
2023-03-08 12:52:00,  18.7,  13.1
2023-03-08 12:53:00,  18.6,  12.9
2023-03-08 12:54:00,  18.6,  12.9
2023-03-08 12:55:00,  18.9,  13.2
2023-03-08 12:56:00,  18.5,  13.1
2023-03-08 12:57:00,  18.7,  13.4
2023-03-08 12:58:00,  18.4,  13.3
2023-03-08 12:59:00,  18.4,  13.4
2023-03-08 13:00:00,  18.5,  13.5
2023-03-08 13:01:00,  18.4,  13.5
2023-03-08 13:02:00,  18.3,  13.4
2023-03-08 13:03:00,  18.4,  13.5
2023-03-08 13:04:00,  18.6,  13.6
2023-03-08 13:05:00,  18.6,  13.5
2023-03-08 13:06:00,  18.7,  13.4
2023-03-08 13:07:00,  18.5,  13.0
2023-03-08 13:08:00,  18.6,  13.0
2023-03-08 13:09:00,  18.3,  12.8
2023-03-08 13:10:00,  18.3,  12.7
2023-03-08 13:11:00,  18.3,  12.7
2023-03-08 13:12:00,  18.1,  12.6
2023-03-08 13:13:00,  18.0,  12.6
2023-03-08 13:14:00,  17.8,  12.4
2023-03-08 13:15:00,  18.0,  12.5
2023-03-08 13:16:00,  18.1,  12.6
2023-03-08 13:17:00,  18.0,  12.4
2023-03-08 13:18:00,  18.2,  12.4
2023-03-08 13:19:00,  18.4,  12.5
2023-03-08 13:20:00,  18.6,  12.5
2023-03-08 13:21:00,  18.4,  12.4
2023-03-08 13:22:00,  18.6,  12.6
2023-03-08 13:23:00,  18.3,  12.4
2023-03-08 13:24:00,  18.4,  12.5
2023-03-08 13:25:00,  18.4,  12.4
2023-03-08 13:26:00,  18.7,  12.6
2023-03-08 13:27:00,  18.6,  12.5
2023-03-08 13:28:00,  18.6,  12.4
2023-03-08 13:29:00,  18.8,  12.6
2023-03-08 13:30:00,  18.7,  12.6
2023-03-08 13:31:00,  18.7,  12.5
2023-03-08 13:32:00,  18.5,  12.4
2023-03-08 13:33:00,  18.6,  12.4
2023-03-08 13:34:00,  18.8,  12.6
2023-03-08 13:35:00,  18.7,  12.5
2023-03-08 13:36:00,  18.6,  12.7
2023-03-08 13:37:00,  18.4,  12.7
2023-03-08 13:38:00,  18.5,  12.9
2023-03-08 13:39:00,  18.4,  13.0
2023-03-08 13:40:00,  18.4,  13.1
2023-03-08 13:41:00,  18.2,  13.0
2023-03-08 13:42:00,  18.1,  13.1
2023-03-08 13:43:00,  18.0,  13.2
2023-03-08 13:44:00,  18.1,  13.4
2023-03-08 13:45:00,  18.0,  13.3
2023-03-08 13:46:00,  18.2,  13.5
2023-03-08 13:47:00,  18.4,  13.6
2023-03-08 13:48:00,  18.3,  13.5
2023-03-08 13:49:00,  18.3,  13.5
2023-03-08 13:50:00,  18.5,  13.6
2023-03-08 13:51:00,  18.4,  13.5
2023-03-08 13:52:00,  18.1,  13.3
2023-03-08 13:53:00,  18.1,  13.3
2023-03-08 13:54:00,  17.9,  13.1
2023-03-08 13:55:00,  18.1,  13.1
2023-03-08 13:56:00,  17.9,  13.0
2023-03-08 13:57:00,  17.8,  12.9
2023-03-08 13:58:00,  17.9,  12.9
2023-03-08 13:59:00,  17.9,  12.7
2023-03-08 14:00:00,  18.3,  12.9
2023-03-08 14:01:00,  18.6,  12.9
2023-03-08 14:02:00,  18.8,  12.9
2023-03-08 14:03:00,  19.1,  12.9
2023-03-08 14:04:00,  18.8,  12.8
2023-03-08 14:05:00,  18.6,  12.9
2023-03-08 14:06:00,  18.0,  12.8
2023-03-08 14:07:00,  17.5,  12.8
2023-03-08 14:08:00,  17.1,  12.7
2023-03-08 14:09:00,  16.8,  12.6
2023-03-08 14:10:00,  16.8,  12.7
2023-03-08 14:11:00,  16.5,  12.6
2023-03-08 14:12:00,  16.7,  12.7
2023-03-08 14:13:00,  16.8,  12.8
2023-03-08 14:14:00,  16.9,  12.8
2023-03-08 14:15:00,  16.8,  12.8
2023-03-08 14:16:00,  17.0,  12.9
2023-03-08 14:17:00,  16.8,  12.7
2023-03-08 14:18:00,  17.0,  12.8
2023-03-08 14:19:00,  16.9,  12.7
2023-03-08 14:20:00,  17.0,  12.8
2023-03-08 14:21:00,  16.9,  12.7
2023-03-08 14:22:00,  17.2,  12.9
2023-03-08 14:23:00,  17.4,  12.9
2023-03-08 14:24:00,  17.3,  12.7
2023-03-08 14:25:00,  17.6,  12.7
2023-03-08 14:26:00,  18.0,  12.8
2023-03-08 14:27:00,  18.0,  12.5
2023-03-08 14:28:00,  18.5,  12.8
2023-03-08 14:29:00,  18.5,  12.6
2023-03-08 14:30:00,  18.5,  12.5
2023-03-08 14:31:00,  18.7,  12.6
2023-03-08 14:32:00,  18.6,  12.5
2023-03-08 14:33:00,  18.4,  12.5
2023-03-08 14:34:00,  18.4,  12.6
2023-03-08 14:35:00,  18.3,  12.5
2023-03-08 14:36:00,  18.5,  12.6
2023-03-08 14:37:00,  18.8,  12.7
2023-03-08 14:38:00,  19.0,  12.7
2023-03-08 14:39:00,  18.8,  12.6
2023-03-08 14:40:00,  18.4,  12.5
2023-03-08 14:41:00,  17.9,  12.4
2023-03-08 14:42:00,  17.5,  12.4
2023-03-08 14:43:00,  17.0,  12.4
2023-03-08 14:44:00,  16.6,  12.5
2023-03-08 14:45:00,  16.1,  12.4
2023-03-08 14:46:00,  16.0,  12.6
2023-03-08 14:47:00,  15.6,  12.5
2023-03-08 14:48:00,  15.6,  12.6
2023-03-08 14:49:00,  15.8,  12.7
2023-03-08 14:50:00,  15.9,  12.6
2023-03-08 14:51:00,  16.3,  12.7
2023-03-08 14:52:00,  16.7,  12.8
2023-03-08 14:53:00,  16.7,  12.7
2023-03-08 14:54:00,  17.2,  12.9
2023-03-08 14:55:00,  17.4,  13.0
2023-03-08 14:56:00,  17.3,  12.9
2023-03-08 14:57:00,  17.2,  12.8
2023-03-08 14:58:00,  17.4,  13.0
2023-03-08 14:59:00,  17.2,  13.0
2023-03-08 15:00:00,  16.9,  12.8
2023-03-08 15:01:00,  16.8,  12.8
2023-03-08 15:02:00,  16.7,  12.8
2023-03-08 15:03:00,  16.7,  12.7
2023-03-08 15:04:00,  16.8,  12.8
2023-03-08 15:05:00,  16.8,  12.7
2023-03-08 15:06:00,  17.2,  12.9
2023-03-08 15:07:00,  17.2,  12.9
2023-03-08 15:08:00,  17.3,  12.8
2023-03-08 15:09:00,  17.4,  12.8
2023-03-08 15:10:00,  17.2,  12.8
2023-03-08 15:11:00,  16.8,  12.6
2023-03-08 15:12:00,  16.8,  12.6
2023-03-08 15:13:00,  16.8,  12.7
2023-03-08 15:14:00,  16.8,  12.7
2023-03-08 15:15:00,  16.9,  12.8
2023-03-08 15:16:00,  17.0,  12.8
2023-03-08 15:17:00,  16.9,  12.7
2023-03-08 15:18:00,  16.9,  12.6
2023-03-08 15:19:00,  16.8,  12.6
2023-03-08 15:20:00,  16.9,  12.6
2023-03-08 15:21:00,  17.0,  12.5
2023-03-08 15:22:00,  17.3,  12.7
2023-03-08 15:23:00,  17.2,  12.6
2023-03-08 15:24:00,  17.5,  12.8
2023-03-08 15:25:00,  17.4,  12.8
2023-03-08 15:26:00,  17.2,  12.6
2023-03-08 15:27:00,  17.7,  12.8
2023-03-08 15:28:00,  17.9,  12.8
2023-03-08 15:29:00,  18.0,  12.8
2023-03-08 15:30:00,  18.1,  12.7
2023-03-08 15:31:00,  18.6,  12.9
2023-03-08 15:32:00,  18.7,  13.0
2023-03-08 15:33:00,  18.6,  12.9
2023-03-08 15:34:00,  18.6,  12.9
2023-03-08 15:35:00,  18.5,  12.9
2023-03-08 15:36:00,  18.5,  12.9
2023-03-08 15:37:00,  18.6,  13.0
2023-03-08 15:38:00,  18.5,  13.0
2023-03-08 15:39:00,  18.5,  13.0
2023-03-08 15:40:00,  18.8,  13.1
2023-03-08 15:41:00,  18.9,  13.1
2023-03-08 15:42:00,  18.9,  13.3
2023-03-08 15:43:00,  18.5,  13.2
2023-03-08 15:44:00,  18.0,  13.2
2023-03-08 15:45:00,  17.6,  13.2
2023-03-08 15:46:00,  17.3,  13.3
2023-03-08 15:47:00,  16.9,  13.3
2023-03-08 15:48:00,  16.1,  13.1
2023-03-08 15:49:00,  15.9,  13.3
2023-03-08 15:50:00,  15.4,  13.1
2023-03-08 15:51:00,  15.5,  13.2
2023-03-08 15:52:00,  15.4,  13.2
2023-03-08 15:53:00,  15.3,  13.0
2023-03-08 15:54:00,  15.3,  13.0
2023-03-08 15:55:00,  15.5,  13.0
2023-03-08 15:56:00,  15.8,  13.0
2023-03-08 15:57:00,  16.4,  13.2
2023-03-08 15:58:00,  16.6,  13.0
2023-03-08 15:59:00,  17.1,  13.2
2023-03-08 16:00:00,  17.2,  13.0
2023-03-08 16:01:00,  17.6,  13.1
2023-03-08 16:02:00,  17.6,  13.0
2023-03-08 16:03:00,  17.6,  12.8
2023-03-08 16:04:00,  17.5,  12.7
2023-03-08 16:05:00,  17.4,  12.6
2023-03-08 16:06:00,  17.6,  12.7
2023-03-08 16:07:00,  17.6,  12.7
2023-03-08 16:08:00,  17.4,  12.5
2023-03-08 16:09:00,  17.7,  12.6
2023-03-08 16:10:00,  17.9,  12.7
2023-03-08 16:11:00,  18.0,  12.6
2023-03-08 16:12:00,  17.9,  12.3
2023-03-08 16:13:00,  18.2,  12.6
2023-03-08 16:14:00,  18.1,  12.4
2023-03-08 16:15:00,  18.1,  12.4
2023-03-08 16:16:00,  18.2,  12.4
2023-03-08 16:17:00,  18.0,  12.4
2023-03-08 16:18:00,  17.8,  12.3
2023-03-08 16:19:00,  17.7,  12.4
2023-03-08 16:20:00,  17.6,  12.4
2023-03-08 16:21:00,  17.5,  12.4
2023-03-08 16:22:00,  17.6,  12.4
2023-03-08 16:23:00,  17.9,  12.6
2023-03-08 16:24:00,  17.9,  12.5
2023-03-08 16:25:00,  18.1,  12.6
2023-03-08 16:26:00,  17.9,  12.4
2023-03-08 16:27:00,  17.9,  12.4
2023-03-08 16:28:00,  18.0,  12.5
2023-03-08 16:29:00,  17.6,  12.3
2023-03-08 16:30:00,  17.6,  12.4
2023-03-08 16:31:00,  17.5,  12.4
2023-03-08 16:32:00,  17.4,  12.3
2023-03-08 16:33:00,  17.5,  12.3
2023-03-08 16:34:00,  17.4,  12.2
2023-03-08 16:35:00,  17.6,  12.2
2023-03-08 16:36:00,  17.4,  12.0
2023-03-08 16:37:00,  17.5,  12.2
2023-03-08 16:38:00,  17.3,  12.0
2023-03-08 16:39:00,  17.4,  12.1
2023-03-08 16:40:00,  17.4,  12.0
2023-03-08 16:41:00,  17.5,  12.0
2023-03-08 16:42:00,  17.8,  12.0
2023-03-08 16:43:00,  18.0,  12.1
2023-03-08 16:44:00,  18.2,  12.1
2023-03-08 16:45:00,  18.3,  12.1
2023-03-08 16:46:00,  18.3,  11.9
2023-03-08 16:47:00,  18.5,  12.0
2023-03-08 16:48:00,  18.6,  12.0
2023-03-08 16:49:00,  18.7,  12.1
2023-03-08 16:50:00,  18.7,  12.0
2023-03-08 16:51:00,  18.8,  12.1
2023-03-08 16:52:00,  18.8,  12.1
2023-03-08 16:53:00,  18.6,  12.0
2023-03-08 16:54:00,  18.7,  12.0
2023-03-08 16:55:00,  18.9,  12.2
2023-03-08 16:56:00,  18.4,  12.1
2023-03-08 16:57:00,  18.3,  12.3
2023-03-08 16:58:00,  17.5,  12.0
2023-03-08 16:59:00,  17.2,  12.2
2023-03-08 17:00:00,  17.0,  12.4
2023-03-08 17:01:00,  16.4,  12.1
2023-03-08 17:02:00,  16.2,  12.2
2023-03-08 17:03:00,  16.1,  12.3
2023-03-08 17:04:00,  15.9,  12.2
2023-03-08 17:05:00,  16.1,  12.4
2023-03-08 17:06:00,  15.9,  12.2
2023-03-08 17:07:00,  16.1,  12.3
2023-03-08 17:08:00,  16.0,  12.2
2023-03-08 17:09:00,  16.4,  12.4
2023-03-08 17:10:00,  16.4,  12.3
2023-03-08 17:11:00,  16.4,  12.2
2023-03-08 17:12:00,  16.6,  12.1
2023-03-08 17:13:00,  16.9,  12.3
2023-03-08 17:14:00,  16.8,  12.1
2023-03-08 17:15:00,  16.9,  12.2
2023-03-08 17:16:00,  16.9,  12.1
2023-03-08 17:17:00,  16.7,  12.0
2023-03-08 17:18:00,  16.5,  12.0
2023-03-08 17:19:00,  16.6,  12.1
2023-03-08 17:20:00,  16.4,  12.0
2023-03-08 17:21:00,  16.6,  12.1
2023-03-08 17:22:00,  16.6,  12.0
2023-03-08 17:23:00,  16.9,  12.1
2023-03-08 17:24:00,  17.2,  12.1
2023-03-08 17:25:00,  17.4,  12.1
2023-03-08 17:26:00,  17.7,  12.2
2023-03-08 17:27:00,  17.8,  12.1
2023-03-08 17:28:00,  17.9,  12.1
2023-03-08 17:29:00,  17.9,  12.0
2023-03-08 17:30:00,  17.9,  12.1
2023-03-08 17:31:00,  17.7,  12.0
2023-03-08 17:32:00,  18.0,  12.2
2023-03-08 17:33:00,  17.8,  12.1
2023-03-08 17:34:00,  18.0,  12.3
2023-03-08 17:35:00,  17.8,  12.2
2023-03-08 17:36:00,  17.8,  12.3
2023-03-08 17:37:00,  17.5,  12.2
2023-03-08 17:38:00,  17.6,  12.3
2023-03-08 17:39:00,  17.4,  12.3
2023-03-08 17:40:00,  17.6,  12.4
2023-03-08 17:41:00,  17.5,  12.4
2023-03-08 17:42:00,  17.5,  12.5
2023-03-08 17:43:00,  17.2,  12.4
2023-03-08 17:44:00,  17.2,  12.5
2023-03-08 17:45:00,  16.8,  12.3
2023-03-08 17:46:00,  16.6,  12.3
2023-03-08 17:47:00,  16.6,  12.3
2023-03-08 17:48:00,  16.6,  12.5
2023-03-08 17:49:00,  16.4,  12.3
2023-03-08 17:50:00,  16.6,  12.4
2023-03-08 17:51:00,  16.5,  12.3
2023-03-08 17:52:00,  16.7,  12.3
2023-03-08 17:53:00,  16.8,  12.3
2023-03-08 17:54:00,  16.7,  12.1
2023-03-08 17:55:00,  16.8,  12.2
2023-03-08 17:56:00,  16.8,  12.2
2023-03-08 17:57:00,  16.7,  12.2
2023-03-08 17:58:00,  16.7,  12.3
2023-03-08 17:59:00,  16.6,  12.2
2023-03-08 18:00:00,  16.7,  12.3
2023-03-08 18:01:00,  16.7,  12.3
2023-03-08 18:02:00,  16.5,  12.2
2023-03-08 18:03:00,  16.3,  12.2
2023-03-08 18:04:00,  16.2,  12.2
2023-03-08 18:05:00,  16.2,  12.1
2023-03-08 18:06:00,  16.3,  12.1
2023-03-08 18:07:00,  16.4,  12.1
2023-03-08 18:08:00,  16.5,  12.0
2023-03-08 18:09:00,  16.6,  12.0
2023-03-08 18:10:00,  16.9,  12.3
2023-03-08 18:11:00,  16.8,  12.2
2023-03-08 18:12:00,  16.8,  12.3
2023-03-08 18:13:00,  16.6,  12.4
2023-03-08 18:14:00,  16.3,  12.3
2023-03-08 18:15:00,  16.4,  12.4
2023-03-08 18:16:00,  16.2,  12.2
2023-03-08 18:17:00,  16.2,  12.2
2023-03-08 18:18:00,  16.3,  12.4
2023-03-08 18:19:00,  16.0,  12.2
2023-03-08 18:20:00,  16.2,  12.4
2023-03-08 18:21:00,  16.3,  12.4
2023-03-08 18:22:00,  16.4,  12.4
2023-03-08 18:23:00,  16.4,  12.3
2023-03-08 18:24:00,  16.4,  12.2
2023-03-08 18:25:00,  16.5,  12.3
2023-03-08 18:26:00,  16.4,  12.2
2023-03-08 18:27:00,  16.2,  12.2
2023-03-08 18:28:00,  16.2,  12.2
2023-03-08 18:29:00,  16.2,  12.3
2023-03-08 18:30:00,  16.2,  12.2
2023-03-08 18:31:00,  16.2,  12.2
2023-03-08 18:32:00,  16.4,  12.4
2023-03-08 18:33:00,  16.3,  12.4
2023-03-08 18:34:00,  16.2,  12.3
2023-03-08 18:35:00,  16.1,  12.1
2023-03-08 18:36:00,  16.3,  12.2
2023-03-08 18:37:00,  16.3,  12.1
2023-03-08 18:38:00,  16.2,  12.0
2023-03-08 18:39:00,  16.5,  12.2
2023-03-08 18:40:00,  16.3,  12.0
2023-03-08 18:41:00,  16.4,  12.2
2023-03-08 18:42:00,  16.2,  12.1
2023-03-08 18:43:00,  15.8,  11.8
2023-03-08 18:44:00,  15.8,  11.7
2023-03-08 18:45:00,  16.0,  11.9
2023-03-08 18:46:00,  16.0,  11.8
2023-03-08 18:47:00,  15.8,  11.6
2023-03-08 18:48:00,  15.8,  11.6
2023-03-08 18:49:00,  15.7,  11.6
2023-03-08 18:50:00,  15.9,  11.7
2023-03-08 18:51:00,  15.7,  11.5
2023-03-08 18:52:00,  16.0,  11.7
2023-03-08 18:53:00,  15.9,  11.5
2023-03-08 18:54:00,  16.3,  11.8
2023-03-08 18:55:00,  16.3,  11.7
2023-03-08 18:56:00,  16.3,  11.7
2023-03-08 18:57:00,  16.2,  11.7
2023-03-08 18:58:00,  16.0,  11.7
2023-03-08 18:59:00,  15.9,  11.6
2023-03-08 19:00:00,  15.8,  11.6
2023-03-08 19:01:00,  15.9,  11.7
2023-03-08 19:02:00,  16.1,  11.8
2023-03-08 19:03:00,  16.2,  11.8
2023-03-08 19:04:00,  16.0,  11.7
2023-03-08 19:05:00,  16.0,  11.7
2023-03-08 19:06:00,  16.2,  11.9
2023-03-08 19:07:00,  16.0,  11.8
2023-03-08 19:08:00,  16.2,  12.0
2023-03-08 19:09:00,  16.1,  11.9
2023-03-08 19:10:00,  16.2,  12.0
2023-03-08 19:11:00,  15.9,  11.8
2023-03-08 19:12:00,  15.8,  11.8
2023-03-08 19:13:00,  15.9,  11.9
2023-03-08 19:14:00,  15.7,  11.9
2023-03-08 19:15:00,  15.4,  11.7
2023-03-08 19:16:00,  15.3,  11.6
2023-03-08 19:17:00,  15.5,  11.7
2023-03-08 19:18:00,  15.5,  11.6
2023-03-08 19:19:00,  15.7,  11.7
2023-03-08 19:20:00,  15.7,  11.7
2023-03-08 19:21:00,  15.6,  11.6
2023-03-08 19:22:00,  15.9,  11.7
2023-03-08 19:23:00,  16.2,  11.7
2023-03-08 19:24:00,  16.2,  11.5
2023-03-08 19:25:00,  16.2,  11.5
2023-03-08 19:26:00,  16.3,  11.4
2023-03-08 19:27:00,  16.4,  11.6
2023-03-08 19:28:00,  16.3,  11.6
2023-03-08 19:29:00,  15.9,  11.4
2023-03-08 19:30:00,  16.0,  11.5
2023-03-08 19:31:00,  16.0,  11.4
2023-03-08 19:32:00,  15.8,  11.3
2023-03-08 19:33:00,  16.1,  11.4
2023-03-08 19:34:00,  15.9,  11.3
2023-03-08 19:35:00,  16.0,  11.5
2023-03-08 19:36:00,  15.9,  11.4
2023-03-08 19:37:00,  15.8,  11.4
2023-03-08 19:38:00,  15.9,  11.4
2023-03-08 19:39:00,  15.9,  11.3
2023-03-08 19:40:00,  16.0,  11.4
2023-03-08 19:41:00,  15.8,  11.3
2023-03-08 19:42:00,  16.0,  11.4
2023-03-08 19:43:00,  16.0,  11.4
2023-03-08 19:44:00,  15.6,  11.3
2023-03-08 19:45:00,  15.5,  11.3
2023-03-08 19:46:00,  15.3,  11.3
2023-03-08 19:47:00,  15.4,  11.4
2023-03-08 19:48:00,  15.3,  11.4
2023-03-08 19:49:00,  15.5,  11.5
2023-03-08 19:50:00,  15.4,  11.3
2023-03-08 19:51:00,  15.9,  11.5
2023-03-08 19:52:00,  16.0,  11.4
2023-03-08 19:53:00,  16.1,  11.3
2023-03-08 19:54:00,  16.4,  11.5
2023-03-08 19:55:00,  16.1,  11.4
2023-03-08 19:56:00,  16.2,  11.5
2023-03-08 19:57:00,  16.0,  11.5
2023-03-08 19:58:00,  15.6,  11.4
2023-03-08 19:59:00,  15.8,  11.5
2023-03-08 20:00:00,  15.5,  11.4
2023-03-08 20:01:00,  15.6,  11.5
2023-03-08 20:02:00,  15.5,  11.5
2023-03-08 20:03:00,  15.5,  11.4
2023-03-08 20:04:00,  15.5,  11.5
2023-03-08 20:05:00,  15.3,  11.3
2023-03-08 20:06:00,  15.3,  11.3
2023-03-08 20:07:00,  15.3,  11.3
2023-03-09 07:02:00,   6.2,   6.9
2023-03-09 07:03:00,   6.2,   6.9
2023-03-09 07:04:00,   6.4,   6.9
2023-03-09 07:05:00,   7.7,   6.9
2023-03-09 07:06:00,  10.0,   7.0
2023-03-09 07:07:00,  12.9,   7.0
2023-03-09 07:08:00,  14.4,   6.9
2023-03-09 07:09:00,  14.7,   7.1
2023-03-09 07:10:00,  15.5,   7.2
2023-03-09 07:11:00,  16.5,   7.2
2023-03-09 07:12:00,  17.3,   7.1
2023-03-09 07:13:00,  18.1,   7.1
2023-03-09 07:14:00,  18.8,   7.1
2023-03-09 07:15:00,  19.2,   7.1
2023-03-09 07:16:00,  19.3,   7.3
2023-03-09 07:17:00,  19.0,   7.3
2023-03-09 07:18:00,  18.5,   7.1
2023-03-09 07:19:00,  18.4,   7.3
2023-03-09 07:20:00,  17.9,   7.1
2023-03-09 07:21:00,  17.7,   7.3
2023-03-09 07:22:00,  17.5,   7.3
2023-03-09 07:23:00,  17.1,   7.2
2023-03-09 07:24:00,  17.0,   7.4
2023-03-09 07:25:00,  16.7,   7.5
2023-03-09 07:26:00,  16.0,   7.4
2023-03-09 07:27:00,  15.6,   7.4
2023-03-09 07:28:00,  15.4,   7.4
2023-03-09 07:29:00,  15.6,   7.4
2023-03-09 07:30:00,  16.0,   7.4
2023-03-09 07:31:00,  16.7,   7.4
2023-03-09 07:32:00,  17.5,   7.6
2023-03-09 07:33:00,  17.9,   7.6
2023-03-09 07:34:00,  18.1,   7.6
2023-03-09 07:35:00,  18.0,   7.5
2023-03-09 07:36:00,  18.1,   7.5
2023-03-09 07:37:00,  18.5,   7.7
2023-03-09 07:38:00,  18.5,   7.7
2023-03-09 07:39:00,  18.3,   7.8
2023-03-09 07:40:00,  17.8,   7.6
2023-03-09 07:41:00,  17.7,   7.8
2023-03-09 07:42:00,  17.2,   7.7
2023-03-09 07:43:00,  16.9,   7.8
2023-03-09 07:44:00,  16.7,   7.8
2023-03-09 07:45:00,  16.8,   8.0
2023-03-09 07:46:00,  16.6,   8.0
2023-03-09 07:47:00,  16.9,   8.2
2023-03-09 07:48:00,  16.9,   8.2
2023-03-09 07:49:00,  17.3,   8.5
2023-03-09 07:50:00,  17.3,   8.6
2023-03-09 07:51:00,  17.7,   9.0
2023-03-09 07:52:00,  17.6,   9.0
2023-03-09 07:53:00,  17.7,   9.4
2023-03-09 07:54:00,  17.2,   9.5
2023-03-09 07:55:00,  17.0,   9.8
2023-03-09 07:56:00,  16.9,  10.3
2023-03-09 07:57:00,  16.8,  10.6
2023-03-09 07:58:00,  16.8,  10.9
2023-03-09 07:59:00,  16.6,  11.2
2023-03-09 08:00:00,  16.6,  11.6
2023-03-09 08:01:00,  16.4,  11.7
2023-03-09 08:02:00,  16.1,  11.7
2023-03-09 08:03:00,  15.8,  11.7
2023-03-09 08:04:00,  15.6,  11.7
2023-03-09 08:05:00,  15.6,  11.9
2023-03-09 08:06:00,  15.3,  11.8
2023-03-09 08:07:00,  15.2,  11.7
2023-03-09 08:08:00,  15.3,  11.9
2023-03-09 08:09:00,  15.0,  11.8
2023-03-09 08:10:00,  15.1,  11.9
2023-03-09 08:11:00,  14.9,  11.8
2023-03-09 08:12:00,  14.9,  11.9
2023-03-09 08:13:00,  14.7,  11.9
2023-03-09 08:14:00,  14.8,  12.0
2023-03-09 08:15:00,  14.9,  12.1
2023-03-09 08:16:00,  14.7,  12.0
2023-03-09 08:17:00,  15.2,  12.2
2023-03-09 08:18:00,  15.4,  12.0
2023-03-09 08:19:00,  16.1,  12.3
2023-03-09 08:20:00,  16.4,  12.2
2023-03-09 08:21:00,  16.9,  12.3
2023-03-09 08:22:00,  17.3,  12.4
2023-03-09 08:23:00,  17.4,  12.3
2023-03-09 08:24:00,  17.7,  12.4
2023-03-09 08:25:00,  17.7,  12.3
2023-03-09 08:26:00,  17.8,  12.5
2023-03-09 08:27:00,  17.5,  12.5
2023-03-09 08:28:00,  17.5,  12.6
2023-03-09 08:29:00,  17.3,  12.7
2023-03-09 08:30:00,  17.2,  12.6
2023-03-09 08:31:00,  17.2,  12.6
2023-03-09 08:32:00,  17.3,  12.7
2023-03-09 08:33:00,  17.2,  12.6
2023-03-09 08:34:00,  17.3,  12.6
2023-03-09 08:35:00,  17.3,  12.7
2023-03-09 08:36:00,  17.5,  12.8
2023-03-09 08:37:00,  17.4,  12.7
2023-03-09 08:38:00,  17.4,  12.7
2023-03-09 08:39:00,  17.2,  12.7
2023-03-09 08:40:00,  17.1,  12.7
2023-03-09 08:41:00,  17.2,  12.9
2023-03-09 08:42:00,  17.0,  12.7
2023-03-09 08:43:00,  17.1,  12.7
2023-03-09 08:44:00,  17.4,  12.7
2023-03-09 08:45:00,  17.7,  12.7
2023-03-09 08:46:00,  17.9,  12.6
2023-03-09 08:47:00,  18.3,  12.6
2023-03-09 08:48:00,  18.5,  12.6
2023-03-09 08:49:00,  18.5,  12.6
2023-03-09 08:50:00,  18.7,  12.6
2023-03-09 08:51:00,  18.4,  12.5
2023-03-09 08:52:00,  18.4,  12.6
2023-03-09 08:53:00,  18.1,  12.4
2023-03-09 08:54:00,  18.0,  12.4
2023-03-09 08:55:00,  17.9,  12.5
2023-03-09 08:56:00,  17.7,  12.4
2023-03-09 08:57:00,  17.6,  12.4
2023-03-09 08:58:00,  17.3,  12.2
2023-03-09 08:59:00,  17.6,  12.5
2023-03-09 09:00:00,  17.5,  12.4
2023-03-09 09:01:00,  17.6,  12.4
2023-03-09 09:02:00,  17.7,  12.5
2023-03-09 09:03:00,  17.6,  12.3
2023-03-09 09:04:00,  17.9,  12.5
2023-03-09 09:05:00,  18.0,  12.6
2023-03-09 09:06:00,  17.9,  12.5
2023-03-09 09:07:00,  18.2,  12.7
2023-03-09 09:08:00,  18.3,  12.7
2023-03-09 09:09:00,  18.4,  12.7
2023-03-09 09:10:00,  18.5,  12.7
2023-03-09 09:11:00,  18.2,  12.6
2023-03-09 09:12:00,  18.2,  12.8
2023-03-09 09:13:00,  17.8,  12.6
2023-03-09 09:14:00,  17.9,  12.9
2023-03-09 09:15:00,  17.8,  12.9
2023-03-09 09:16:00,  17.7,  12.9
2023-03-09 09:17:00,  17.9,  13.1
2023-03-09 09:18:00,  18.0,  12.9
2023-03-09 09:19:00,  18.2,  12.9
2023-03-09 09:20:00,  18.6,  13.0
2023-03-09 09:21:00,  19.1,  13.1
2023-03-09 09:22:00,  19.1,  13.1
2023-03-09 09:23:00,  18.7,  13.1
2023-03-09 09:24:00,  18.2,  13.1
2023-03-09 09:25:00,  17.9,  13.3
2023-03-09 09:26:00,  17.2,  13.1
2023-03-09 09:27:00,  17.0,  13.1
2023-03-09 09:28:00,  17.0,  13.3
2023-03-09 09:29:00,  16.8,  13.2
2023-03-09 09:30:00,  17.0,  13.3
2023-03-09 09:31:00,  16.9,  13.2
2023-03-09 09:32:00,  17.3,  13.5
2023-03-09 09:33:00,  17.2,  13.3
2023-03-09 09:34:00,  17.4,  13.4
2023-03-09 09:35:00,  17.5,  13.4
2023-03-09 09:36:00,  17.8,  13.5
2023-03-09 09:37:00,  17.7,  13.4
2023-03-09 09:38:00,  17.9,  13.4
2023-03-09 09:39:00,  18.1,  13.4
2023-03-09 09:40:00,  18.3,  13.4
2023-03-09 09:41:00,  18.4,  13.4
2023-03-09 09:42:00,  18.4,  13.2
2023-03-09 09:43:00,  18.8,  13.4
2023-03-09 09:44:00,  18.9,  13.4
2023-03-09 09:45:00,  18.8,  13.5
2023-03-09 09:46:00,  18.2,  13.3
2023-03-09 09:47:00,  17.7,  13.4
2023-03-09 09:48:00,  17.1,  13.4
2023-03-09 09:49:00,  16.9,  13.5
2023-03-09 09:50:00,  16.3,  13.2
2023-03-09 09:51:00,  16.3,  13.3
2023-03-09 09:52:00,  16.2,  13.2
2023-03-09 09:53:00,  16.5,  13.4
2023-03-09 09:54:00,  16.5,  13.3
2023-03-09 09:55:00,  16.8,  13.3
2023-03-09 09:56:00,  17.4,  13.5
2023-03-09 09:57:00,  17.9,  13.5
2023-03-09 09:58:00,  18.2,  13.5
2023-03-09 09:59:00,  18.8,  13.6
2023-03-09 10:00:00,  19.2,  13.7
2023-03-09 10:01:00,  19.0,  13.6
2023-03-09 10:02:00,  18.7,  13.7
2023-03-09 10:03:00,  18.6,  13.8
2023-03-09 10:04:00,  18.4,  13.9
2023-03-09 10:05:00,  18.2,  13.8
2023-03-09 10:06:00,  18.3,  13.9
2023-03-09 10:07:00,  18.3,  13.9
2023-03-09 10:08:00,  18.4,  13.9
2023-03-09 10:09:00,  18.8,  14.0
2023-03-09 10:10:00,  19.0,  14.1
2023-03-09 10:11:00,  18.7,  14.0
2023-03-09 10:12:00,  18.5,  14.1
2023-03-09 10:13:00,  18.0,  14.0
2023-03-09 10:14:00,  17.5,  13.9
2023-03-09 10:15:00,  17.3,  14.1
2023-03-09 10:16:00,  16.8,  13.9
2023-03-09 10:17:00,  16.7,  14.0
2023-03-09 10:18:00,  16.5,  13.9
2023-03-09 10:19:00,  16.4,  13.8
2023-03-09 10:20:00,  16.3,  13.8
2023-03-09 10:21:00,  15.8,  13.5
2023-03-09 10:22:00,  15.7,  13.4
2023-03-09 10:23:00,  15.9,  13.4
2023-03-09 10:24:00,  15.6,  13.2
2023-03-09 10:25:00,  15.9,  13.3
2023-03-09 10:26:00,  16.1,  13.2
2023-03-09 10:27:00,  16.3,  13.1
2023-03-09 10:28:00,  16.6,  13.2
2023-03-09 10:29:00,  16.8,  13.1
2023-03-09 10:30:00,  17.2,  13.1
2023-03-09 10:31:00,  17.8,  13.2
2023-03-09 10:32:00,  17.9,  13.0
2023-03-09 10:33:00,  18.4,  13.2
2023-03-09 10:34:00,  18.5,  13.0
2023-03-09 10:35:00,  18.8,  12.9
2023-03-09 10:36:00,  18.7,  12.9
2023-03-09 10:37:00,  18.5,  12.9
2023-03-09 10:38:00,  18.3,  12.8
2023-03-09 10:39:00,  18.2,  12.8
2023-03-09 10:40:00,  18.3,  13.0
2023-03-09 10:41:00,  17.9,  12.7
2023-03-09 10:42:00,  18.3,  13.0
2023-03-09 10:43:00,  18.5,  13.0
2023-03-09 10:44:00,  18.6,  12.8
2023-03-09 10:45:00,  18.9,  12.8
2023-03-09 10:46:00,  19.0,  12.9
2023-03-09 10:47:00,  19.0,  13.1
2023-03-09 10:48:00,  18.6,  12.9
2023-03-09 10:49:00,  18.4,  13.1
2023-03-09 10:50:00,  17.7,  13.0
2023-03-09 10:51:00,  17.2,  13.0
2023-03-09 10:52:00,  16.9,  13.0
2023-03-09 10:53:00,  16.8,  13.1
2023-03-09 10:54:00,  16.8,  13.1
2023-03-09 10:55:00,  17.0,  13.2
2023-03-09 10:56:00,  17.1,  13.2
2023-03-09 10:57:00,  17.0,  13.0
2023-03-09 10:58:00,  17.4,  13.2
2023-03-09 10:59:00,  17.5,  13.1
2023-03-09 11:00:00,  17.6,  12.9
2023-03-09 11:01:00,  18.0,  13.2
2023-03-09 11:02:00,  18.0,  13.0
2023-03-09 11:03:00,  18.1,  13.1
2023-03-09 11:04:00,  18.4,  13.2
2023-03-09 11:05:00,  18.4,  13.1
2023-03-09 11:06:00,  18.5,  13.2
2023-03-09 11:07:00,  18.5,  13.1
2023-03-09 11:08:00,  18.2,  13.0
2023-03-09 11:09:00,  18.3,  13.2
2023-03-09 11:10:00,  18.4,  13.2
2023-03-09 11:11:00,  18.3,  13.1
2023-03-09 11:12:00,  18.3,  13.1
2023-03-09 11:13:00,  18.5,  13.2
2023-03-09 11:14:00,  18.4,  13.1
2023-03-09 11:15:00,  18.4,  13.0
2023-03-09 11:16:00,  18.6,  13.3
2023-03-09 11:17:00,  18.4,  13.1
2023-03-09 11:18:00,  18.4,  13.1
2023-03-09 11:19:00,  18.7,  13.3
2023-03-09 11:20:00,  18.6,  13.1
2023-03-09 11:21:00,  18.9,  13.3
2023-03-09 11:22:00,  19.0,  13.4
2023-03-09 11:23:00,  18.7,  13.3
2023-03-09 11:24:00,  18.2,  13.4
2023-03-09 11:25:00,  17.4,  13.3
2023-03-09 11:26:00,  17.1,  13.4
2023-03-09 11:27:00,  17.0,  13.5
2023-03-09 11:28:00,  16.9,  13.6
2023-03-09 11:29:00,  16.8,  13.6
2023-03-09 11:30:00,  16.6,  13.5
2023-03-09 11:31:00,  16.7,  13.6
2023-03-09 11:32:00,  16.7,  13.5
2023-03-09 11:33:00,  17.0,  13.7
2023-03-09 11:34:00,  16.9,  13.6
2023-03-09 11:35:00,  17.1,  13.6
2023-03-09 11:36:00,  17.1,  13.7
2023-03-09 11:37:00,  17.2,  13.8
2023-03-09 11:38:00,  17.1,  13.6
2023-03-09 11:39:00,  17.4,  13.7
2023-03-09 11:40:00,  17.4,  13.5
2023-03-09 11:41:00,  17.8,  13.7
2023-03-09 11:42:00,  17.9,  13.6
2023-03-09 11:43:00,  17.7,  13.4
2023-03-09 11:44:00,  17.9,  13.5
2023-03-09 11:45:00,  17.8,  13.4
2023-03-09 11:46:00,  17.9,  13.4
2023-03-09 11:47:00,  17.9,  13.3
2023-03-09 11:48:00,  17.7,  13.1
2023-03-09 11:49:00,  17.8,  13.1
2023-03-09 11:50:00,  18.1,  13.1
2023-03-09 11:51:00,  18.2,  13.1
2023-03-09 11:52:00,  18.3,  13.1
2023-03-09 11:53:00,  18.2,  12.9
2023-03-09 11:54:00,  18.2,  13.0
2023-03-09 11:55:00,  18.0,  13.0
2023-03-09 11:56:00,  17.7,  12.9
2023-03-09 11:57:00,  17.7,  13.0
2023-03-09 11:58:00,  17.8,  13.0
2023-03-09 11:59:00,  17.7,  12.9
2023-03-09 12:00:00,  17.8,  12.9
2023-03-09 12:01:00,  18.2,  13.1
2023-03-09 12:02:00,  18.3,  13.0
2023-03-09 12:03:00,  18.4,  13.1
2023-03-09 12:04:00,  18.4,  13.2
2023-03-09 12:05:00,  18.2,  13.1
2023-03-09 12:06:00,  18.1,  13.2
2023-03-09 12:07:00,  17.9,  13.0
2023-03-09 12:08:00,  17.9,  13.0
2023-03-09 12:09:00,  18.0,  13.0
2023-03-09 12:10:00,  18.3,  13.1
2023-03-09 12:11:00,  18.1,  13.0
2023-03-09 12:12:00,  18.2,  13.0
2023-03-09 12:13:00,  18.1,  13.0
2023-03-09 12:14:00,  18.4,  13.2
2023-03-09 12:15:00,  18.1,  13.0
2023-03-09 12:16:00,  18.4,  13.2
2023-03-09 12:17:00,  18.6,  13.3
2023-03-09 12:18:00,  18.7,  13.2
2023-03-09 12:19:00,  18.8,  13.1
2023-03-09 12:20:00,  19.0,  13.2
2023-03-09 12:21:00,  18.6,  13.1
2023-03-09 12:22:00,  18.2,  13.2
2023-03-09 12:23:00,  17.8,  13.2
2023-03-09 12:24:00,  17.2,  13.2
2023-03-09 12:25:00,  16.8,  13.3
2023-03-09 12:26:00,  16.3,  13.4
2023-03-09 12:27:00,  15.8,  13.3
2023-03-09 12:28:00,  15.4,  13.2
2023-03-09 12:29:00,  15.3,  13.2
2023-03-09 12:30:00,  15.0,  13.0
2023-03-09 12:31:00,  15.3,  13.2
2023-03-09 12:32:00,  15.4,  13.1
2023-03-09 12:33:00,  15.6,  13.0
2023-03-09 12:34:00,  16.0,  13.1
2023-03-09 12:35:00,  16.5,  13.3
2023-03-09 12:36:00,  16.7,  13.2
2023-03-09 12:37:00,  17.1,  13.2
2023-03-09 12:38:00,  17.3,  13.1
2023-03-09 12:39:00,  17.6,  13.2
2023-03-09 12:40:00,  18.0,  13.4
2023-03-09 12:41:00,  18.0,  13.4
2023-03-09 12:42:00,  17.8,  13.3
2023-03-09 12:43:00,  17.9,  13.5
2023-03-09 12:44:00,  17.8,  13.3
2023-03-09 12:45:00,  18.1,  13.4
2023-03-09 12:46:00,  18.2,  13.4
2023-03-09 12:47:00,  18.5,  13.4
2023-03-09 12:48:00,  18.9,  13.4
2023-03-09 12:49:00,  18.8,  13.2
2023-03-09 12:50:00,  18.4,  13.2
2023-03-09 12:51:00,  18.1,  13.2
2023-03-09 12:52:00,  17.7,  13.3
2023-03-09 12:53:00,  17.4,  13.4
2023-03-09 12:54:00,  16.9,  13.3
2023-03-09 12:55:00,  16.2,  13.2
2023-03-09 12:56:00,  15.9,  13.3
2023-03-09 12:57:00,  15.5,  13.2
2023-03-09 12:58:00,  15.2,  13.1
2023-03-09 12:59:00,  15.0,  13.0
2023-03-09 13:00:00,  14.9,  13.0
2023-03-09 13:01:00,  15.0,  13.1
2023-03-09 13:02:00,  15.3,  13.2
2023-03-09 13:03:00,  15.5,  13.2
2023-03-09 13:04:00,  15.7,  13.1
2023-03-09 13:05:00,  16.0,  13.1
2023-03-09 13:06:00,  16.3,  13.1
2023-03-09 13:07:00,  16.6,  13.1
2023-03-09 13:08:00,  16.8,  13.0
2023-03-09 13:09:00,  16.8,  13.0
2023-03-09 13:10:00,  17.0,  13.0
2023-03-09 13:11:00,  17.2,  13.2
2023-03-09 13:12:00,  17.0,  13.1
2023-03-09 13:13:00,  17.0,  13.1
2023-03-09 13:14:00,  16.9,  13.1
2023-03-09 13:15:00,  16.8,  13.0
2023-03-09 13:16:00,  16.6,  12.9
2023-03-09 13:17:00,  16.9,  13.0
2023-03-09 13:18:00,  17.1,  13.1
2023-03-09 13:19:00,  17.3,  13.1
2023-03-09 13:20:00,  17.6,  13.1
2023-03-09 13:21:00,  18.0,  13.2
2023-03-09 13:22:00,  18.3,  13.2
2023-03-09 13:23:00,  18.4,  13.0
2023-03-09 13:24:00,  18.8,  13.2
2023-03-09 13:25:00,  18.7,  13.1
2023-03-09 13:26:00,  18.9,  13.3
2023-03-09 13:27:00,  18.6,  13.2
2023-03-09 13:28:00,  18.6,  13.3
2023-03-09 13:29:00,  18.4,  13.2
2023-03-09 13:30:00,  18.2,  13.2
2023-03-09 13:31:00,  18.0,  13.2
2023-03-09 13:32:00,  17.9,  13.1
2023-03-09 13:33:00,  17.8,  13.1
2023-03-09 13:34:00,  17.9,  13.2
2023-03-09 13:35:00,  17.9,  13.0
2023-03-09 13:36:00,  18.0,  13.0
2023-03-09 13:37:00,  18.2,  13.2
2023-03-09 13:38:00,  18.1,  12.9
2023-03-09 13:39:00,  18.3,  12.9
2023-03-09 13:40:00,  18.7,  13.1
2023-03-09 13:41:00,  18.6,  12.9
2023-03-09 13:42:00,  19.0,  13.1
2023-03-09 13:43:00,  18.5,  12.9
2023-03-09 13:44:00,  18.0,  12.9
2023-03-09 13:45:00,  17.7,  13.0
2023-03-09 13:46:00,  17.0,  13.0
2023-03-09 13:47:00,  16.4,  13.0
2023-03-09 13:48:00,  15.7,  13.0
2023-03-09 13:49:00,  15.2,  12.9
2023-03-09 13:50:00,  15.2,  13.1
2023-03-09 13:51:00,  15.2,  13.1
2023-03-09 13:52:00,  15.1,  12.9
2023-03-09 13:53:00,  15.3,  12.9
2023-03-09 13:54:00,  15.6,  12.9
2023-03-09 13:55:00,  15.9,  13.0
2023-03-09 13:56:00,  16.2,  13.0
2023-03-09 13:57:00,  16.6,  13.2
2023-03-09 13:58:00,  16.8,  13.2
2023-03-09 13:59:00,  16.7,  13.0
2023-03-09 14:00:00,  17.0,  13.1
2023-03-09 14:01:00,  17.1,  13.2
2023-03-09 14:02:00,  17.0,  13.0
2023-03-09 14:03:00,  16.9,  13.0
2023-03-09 14:04:00,  16.8,  13.0
2023-03-09 14:05:00,  16.9,  13.2
2023-03-09 14:06:00,  16.6,  12.9
2023-03-09 14:07:00,  16.5,  12.9
2023-03-09 14:08:00,  16.7,  13.1
2023-03-09 14:09:00,  16.8,  13.1
2023-03-09 14:10:00,  16.8,  13.0
2023-03-09 14:11:00,  17.0,  13.1
2023-03-09 14:12:00,  17.1,  12.9
2023-03-09 14:13:00,  17.6,  13.1
2023-03-09 14:14:00,  17.5,  12.9
2023-03-09 14:15:00,  17.6,  12.8
2023-03-09 14:16:00,  17.9,  13.0
2023-03-09 14:17:00,  17.7,  12.8
2023-03-09 14:18:00,  17.8,  12.9
2023-03-09 14:19:00,  17.7,  12.7
2023-03-09 14:20:00,  17.9,  12.9
2023-03-09 14:21:00,  17.7,  12.7
2023-03-09 14:22:00,  17.6,  12.7
2023-03-09 14:23:00,  17.6,  12.8
2023-03-09 14:24:00,  17.6,  12.8
2023-03-09 14:25:00,  17.6,  12.7
2023-03-09 14:26:00,  17.8,  12.7
2023-03-09 14:27:00,  18.2,  12.9
2023-03-09 14:28:00,  18.2,  12.7
2023-03-09 14:29:00,  18.6,  12.9
2023-03-09 14:30:00,  18.6,  12.8
2023-03-09 14:31:00,  18.6,  12.7
2023-03-09 14:32:00,  18.7,  12.8
2023-03-09 14:33:00,  18.9,  12.9
2023-03-09 14:34:00,  18.7,  12.7
2023-03-09 14:35:00,  18.7,  12.8
2023-03-09 14:36:00,  18.8,  12.9
2023-03-09 14:37:00,  18.6,  12.8
2023-03-09 14:38:00,  18.4,  12.8
2023-03-09 14:39:00,  18.4,  12.9
2023-03-09 14:40:00,  18.1,  12.9
2023-03-09 14:41:00,  18.2,  13.1
2023-03-09 14:42:00,  18.0,  13.0
2023-03-09 14:43:00,  18.2,  13.1
2023-03-09 14:44:00,  18.1,  13.0
2023-03-09 14:45:00,  18.0,  13.0
2023-03-09 14:46:00,  17.9,  12.9
2023-03-09 14:47:00,  18.1,  13.1
2023-03-09 14:48:00,  17.9,  12.9
2023-03-09 14:49:00,  18.0,  13.1
2023-03-09 14:50:00,  17.8,  13.0
2023-03-09 14:51:00,  17.8,  13.2
2023-03-09 14:52:00,  17.6,  13.1
2023-03-09 14:53:00,  17.4,  12.9
2023-03-09 14:54:00,  17.8,  13.2
2023-03-09 14:55:00,  18.2,  13.2
2023-03-09 14:56:00,  18.5,  13.2
2023-03-09 14:57:00,  18.8,  13.2
2023-03-09 14:58:00,  19.0,  13.2
2023-03-09 14:59:00,  18.4,  13.0
2023-03-09 15:00:00,  18.0,  13.1
2023-03-09 15:01:00,  17.2,  13.0
2023-03-09 15:02:00,  16.7,  13.1
2023-03-09 15:03:00,  16.3,  13.3
2023-03-09 15:04:00,  15.6,  13.0
2023-03-09 15:05:00,  15.6,  13.2
2023-03-09 15:06:00,  15.3,  13.1
2023-03-09 15:07:00,  15.4,  13.1
2023-03-09 15:08:00,  15.3,  13.0
2023-03-09 15:09:00,  15.6,  13.2
2023-03-09 15:10:00,  15.5,  13.1
2023-03-09 15:11:00,  15.6,  13.1
2023-03-09 15:12:00,  15.8,  13.1
2023-03-09 15:13:00,  15.9,  13.1
2023-03-09 15:14:00,  16.0,  13.2
2023-03-09 15:15:00,  16.0,  13.1
2023-03-09 15:16:00,  16.4,  13.3
2023-03-09 15:17:00,  16.7,  13.4
2023-03-09 15:18:00,  17.0,  13.4
2023-03-09 15:19:00,  17.1,  13.2
2023-03-09 15:20:00,  17.6,  13.3
2023-03-09 15:21:00,  18.1,  13.4
2023-03-09 15:22:00,  18.4,  13.4
2023-03-09 15:23:00,  18.3,  13.3
2023-03-09 15:24:00,  18.6,  13.4
2023-03-09 15:25:00,  18.4,  13.3
2023-03-09 15:26:00,  18.3,  13.2
2023-03-09 15:27:00,  18.4,  13.3
2023-03-09 15:28:00,  18.4,  13.4
2023-03-09 15:29:00,  18.3,  13.4
2023-03-09 15:30:00,  18.2,  13.4
2023-03-09 15:31:00,  18.0,  13.4
2023-03-09 15:32:00,  17.7,  13.3
2023-03-09 15:33:00,  17.7,  13.5
2023-03-09 15:34:00,  17.5,  13.4
2023-03-09 15:35:00,  17.5,  13.4
2023-03-09 15:36:00,  17.6,  13.5
2023-03-09 15:37:00,  17.4,  13.4
2023-03-09 15:38:00,  17.7,  13.6
2023-03-09 15:39:00,  17.7,  13.5
2023-03-09 15:40:00,  17.8,  13.4
2023-03-09 15:41:00,  17.8,  13.3
2023-03-09 15:42:00,  17.9,  13.2
2023-03-09 15:43:00,  18.0,  13.2
2023-03-09 15:44:00,  17.9,  12.9
2023-03-09 15:45:00,  18.2,  13.0
2023-03-09 15:46:00,  18.0,  12.8
2023-03-09 15:47:00,  18.1,  12.7
2023-03-09 15:48:00,  18.2,  12.7
2023-03-09 15:49:00,  18.4,  12.9
2023-03-09 15:50:00,  18.1,  12.7
2023-03-09 15:51:00,  18.2,  12.8
2023-03-09 15:52:00,  17.9,  12.6
2023-03-09 15:53:00,  18.2,  12.9
2023-03-09 15:54:00,  18.3,  12.8
2023-03-09 15:55:00,  18.2,  12.6
2023-03-09 15:56:00,  18.4,  12.6
2023-03-09 15:57:00,  18.5,  12.6
2023-03-09 15:58:00,  18.6,  12.5
2023-03-09 15:59:00,  18.8,  12.6
2023-03-09 16:00:00,  18.8,  12.7
2023-03-09 16:01:00,  18.4,  12.6
2023-03-09 16:02:00,  17.9,  12.4
2023-03-09 16:03:00,  17.6,  12.6
2023-03-09 16:04:00,  17.2,  12.6
2023-03-09 16:05:00,  16.9,  12.7
2023-03-09 16:06:00,  16.5,  12.7
2023-03-09 16:07:00,  15.8,  12.4
2023-03-09 16:08:00,  15.8,  12.5
2023-03-09 16:09:00,  15.7,  12.5
2023-03-09 16:10:00,  15.7,  12.4
2023-03-09 16:11:00,  15.7,  12.4
2023-03-09 16:12:00,  16.1,  12.6
2023-03-09 16:13:00,  16.1,  12.5
2023-03-09 16:14:00,  16.2,  12.4
2023-03-09 16:15:00,  16.8,  12.6
2023-03-09 16:16:00,  17.0,  12.4
2023-03-09 16:17:00,  17.4,  12.4
2023-03-09 16:18:00,  18.1,  12.7
2023-03-09 16:19:00,  18.1,  12.4
2023-03-09 16:20:00,  18.5,  12.7
2023-03-09 16:21:00,  18.6,  12.7
2023-03-09 16:22:00,  18.5,  12.6
2023-03-09 16:23:00,  18.4,  12.6
2023-03-09 16:24:00,  18.2,  12.6
2023-03-09 16:25:00,  18.2,  12.6
2023-03-09 16:26:00,  18.1,  12.5
2023-03-09 16:27:00,  18.2,  12.6
2023-03-09 16:28:00,  18.3,  12.7
2023-03-09 16:29:00,  18.1,  12.7
2023-03-09 16:30:00,  17.9,  12.6
2023-03-09 16:31:00,  18.0,  12.8
2023-03-09 16:32:00,  17.9,  12.8
2023-03-09 16:33:00,  17.7,  12.7
2023-03-09 16:34:00,  17.8,  12.8
2023-03-09 16:35:00,  17.9,  12.8
2023-03-09 16:36:00,  17.6,  12.7
2023-03-09 16:37:00,  17.8,  12.7
2023-03-09 16:38:00,  18.0,  12.9
2023-03-09 16:39:00,  17.9,  12.7
2023-03-09 16:40:00,  18.2,  12.8
2023-03-09 16:41:00,  18.4,  12.9
2023-03-09 16:42:00,  18.6,  12.9
2023-03-09 16:43:00,  18.3,  12.7
2023-03-09 16:44:00,  18.4,  12.8
2023-03-09 16:45:00,  18.3,  12.8
2023-03-09 16:46:00,  18.2,  12.8
2023-03-09 16:47:00,  18.5,  12.9
2023-03-09 16:48:00,  18.3,  12.7
2023-03-09 16:49:00,  18.1,  12.7
2023-03-09 16:50:00,  18.4,  12.9
2023-03-09 16:51:00,  18.4,  12.8
2023-03-09 16:52:00,  18.4,  12.7
2023-03-09 16:53:00,  18.6,  12.9
2023-03-09 16:54:00,  18.4,  12.7
2023-03-09 16:55:00,  18.5,  12.8
2023-03-09 16:56:00,  18.5,  12.8
2023-03-09 16:57:00,  18.2,  12.6
2023-03-09 16:58:00,  18.1,  12.6
2023-03-09 16:59:00,  17.9,  12.5
2023-03-09 17:00:00,  18.0,  12.6
2023-03-09 17:01:00,  18.0,  12.5
2023-03-09 17:02:00,  18.0,  12.5
2023-03-09 17:03:00,  18.0,  12.4
2023-03-09 17:04:00,  18.1,  12.6
2023-03-09 17:05:00,  18.1,  12.6
2023-03-09 17:06:00,  17.9,  12.5
2023-03-09 17:07:00,  18.0,  12.6
2023-03-09 17:08:00,  18.0,  12.5
2023-03-09 17:09:00,  18.3,  12.6
2023-03-09 17:10:00,  18.2,  12.5
2023-03-09 17:11:00,  18.3,  12.6
2023-03-09 17:12:00,  18.2,  12.5
2023-03-09 17:13:00,  18.2,  12.6
2023-03-09 17:14:00,  18.1,  12.6
2023-03-09 17:15:00,  17.8,  12.4
2023-03-09 17:16:00,  18.0,  12.5
2023-03-09 17:17:00,  18.1,  12.5
2023-03-09 17:18:00,  18.0,  12.4
2023-03-09 17:19:00,  18.1,  12.4
2023-03-09 17:20:00,  18.1,  12.4
2023-03-09 17:21:00,  18.2,  12.4
2023-03-09 17:22:00,  18.2,  12.4
2023-03-09 17:23:00,  18.4,  12.6
2023-03-09 17:24:00,  18.1,  12.4
2023-03-09 17:25:00,  18.3,  12.5
2023-03-09 17:26:00,  18.3,  12.4
2023-03-09 17:27:00,  18.4,  12.4
2023-03-09 17:28:00,  18.5,  12.4
2023-03-09 17:29:00,  18.6,  12.5
2023-03-09 17:30:00,  18.5,  12.5
2023-03-09 17:31:00,  18.4,  12.4
2023-03-09 17:32:00,  18.4,  12.4
2023-03-09 17:33:00,  18.4,  12.4
2023-03-09 17:34:00,  18.4,  12.4
2023-03-09 17:35:00,  18.5,  12.4
2023-03-09 17:36:00,  18.4,  12.3
2023-03-09 17:37:00,  18.4,  12.4
2023-03-09 17:38:00,  18.2,  12.3
2023-03-09 17:39:00,  18.4,  12.4
2023-03-09 17:40:00,  18.3,  12.3
2023-03-09 17:41:00,  18.4,  12.3
2023-03-09 17:42:00,  18.4,  12.3
2023-03-09 17:43:00,  18.7,  12.4
2023-03-09 17:44:00,  18.5,  12.3
2023-03-09 17:45:00,  18.5,  12.3
2023-03-09 17:46:00,  18.5,  12.5
2023-03-09 17:47:00,  18.3,  12.5
2023-03-09 17:48:00,  18.2,  12.5
2023-03-09 17:49:00,  18.0,  12.3
2023-03-09 17:50:00,  18.1,  12.4
2023-03-09 17:51:00,  18.1,  12.3
2023-03-09 17:52:00,  18.3,  12.6
2023-03-09 17:53:00,  17.9,  12.3
2023-03-09 17:54:00,  18.2,  12.6
2023-03-09 17:55:00,  18.2,  12.5
2023-03-09 17:56:00,  18.4,  12.5
2023-03-09 17:57:00,  18.6,  12.5
2023-03-09 17:58:00,  18.6,  12.4
2023-03-09 17:59:00,  18.9,  12.5
2023-03-09 18:00:00,  18.5,  12.3
2023-03-09 18:01:00,  18.1,  12.3
2023-03-09 18:02:00,  17.7,  12.4
2023-03-09 18:03:00,  17.4,  12.5
2023-03-09 18:04:00,  17.2,  12.5
2023-03-09 18:05:00,  16.9,  12.3
2023-03-09 18:06:00,  16.9,  12.3
2023-03-09 18:07:00,  16.9,  12.3
2023-03-09 18:08:00,  17.2,  12.4
2023-03-09 18:09:00,  16.9,  12.3
2023-03-09 18:10:00,  17.0,  12.3
2023-03-09 18:11:00,  17.1,  12.3
2023-03-09 18:12:00,  17.2,  12.3
2023-03-09 18:13:00,  17.5,  12.4
2023-03-09 18:14:00,  17.6,  12.2
2023-03-09 18:15:00,  18.0,  12.4
2023-03-09 18:16:00,  18.0,  12.3
2023-03-09 18:17:00,  18.1,  12.3
2023-03-09 18:18:00,  18.3,  12.4
2023-03-09 18:19:00,  18.0,  12.3
2023-03-09 18:20:00,  18.0,  12.3
2023-03-09 18:21:00,  17.9,  12.2
2023-03-09 18:22:00,  18.0,  12.3
2023-03-09 18:23:00,  18.0,  12.2
2023-03-09 18:24:00,  18.4,  12.4
2023-03-09 18:25:00,  18.2,  12.3
2023-03-09 18:26:00,  18.3,  12.3
2023-03-09 18:27:00,  18.4,  12.5
2023-03-09 18:28:00,  18.1,  12.4
2023-03-09 18:29:00,  18.1,  12.4
2023-03-09 18:30:00,  18.4,  12.6
2023-03-09 18:31:00,  18.3,  12.5
2023-03-09 18:32:00,  18.7,  12.6
2023-03-09 18:33:00,  18.8,  12.6
2023-03-09 18:34:00,  18.6,  12.4
2023-03-09 18:35:00,  18.6,  12.4
2023-03-09 18:36:00,  18.7,  12.5
2023-03-09 18:37:00,  18.6,  12.4
2023-03-09 18:38:00,  18.6,  12.4
2023-03-09 18:39:00,  18.6,  12.4
2023-03-09 18:40:00,  18.9,  12.5
2023-03-09 18:41:00,  18.8,  12.5
2023-03-09 18:42:00,  18.5,  12.4
2023-03-09 18:43:00,  18.5,  12.3
2023-03-09 18:44:00,  18.8,  12.5
2023-03-09 18:45:00,  19.0,  12.6
2023-03-09 18:46:00,  18.6,  12.4
2023-03-09 18:47:00,  18.4,  12.5
2023-03-09 18:48:00,  17.9,  12.3
2023-03-09 18:49:00,  17.6,  12.5
2023-03-09 18:50:00,  16.9,  12.3
2023-03-09 18:51:00,  16.6,  12.4
2023-03-09 18:52:00,  16.1,  12.3
2023-03-09 18:53:00,  16.2,  12.4
2023-03-09 18:54:00,  16.0,  12.4
2023-03-09 18:55:00,  15.8,  12.2
2023-03-09 18:56:00,  16.0,  12.4
2023-03-09 18:57:00,  16.2,  12.4
2023-03-09 18:58:00,  16.4,  12.4
2023-03-09 18:59:00,  16.6,  12.4
2023-03-09 19:00:00,  16.5,  12.2
2023-03-09 19:01:00,  16.7,  12.2
2023-03-09 19:02:00,  16.8,  12.2
2023-03-09 19:03:00,  17.1,  12.3
2023-03-09 19:04:00,  16.8,  12.1
2023-03-09 19:05:00,  17.0,  12.2
2023-03-09 19:06:00,  17.0,  12.2
2023-03-09 19:07:00,  17.1,  12.2
2023-03-09 19:08:00,  16.9,  12.0
2023-03-09 19:09:00,  16.8,  12.0
2023-03-09 19:10:00,  17.1,  12.2
2023-03-09 19:11:00,  17.0,  12.0
2023-03-09 19:12:00,  17.3,  12.1
2023-03-09 19:13:00,  17.6,  12.2
2023-03-09 19:14:00,  17.8,  12.3
2023-03-09 19:15:00,  17.9,  12.2
2023-03-09 19:16:00,  17.9,  12.1
2023-03-09 19:17:00,  17.9,  12.1
2023-03-09 19:18:00,  18.0,  12.2
2023-03-09 19:19:00,  18.1,  12.2
2023-03-09 19:20:00,  17.9,  12.1
2023-03-09 19:21:00,  18.0,  12.1
2023-03-09 19:22:00,  18.1,  12.3
2023-03-09 19:23:00,  18.0,  12.2
2023-03-09 19:24:00,  18.1,  12.3
2023-03-09 19:25:00,  17.9,  12.0
2023-03-09 19:26:00,  18.1,  12.2
2023-03-09 19:27:00,  17.9,  12.0
2023-03-09 19:28:00,  17.9,  11.9
2023-03-09 19:29:00,  18.0,  12.0
2023-03-09 19:30:00,  17.9,  12.0
2023-03-09 19:31:00,  17.7,  11.9
2023-03-09 19:32:00,  17.7,  11.9
2023-03-09 19:33:00,  17.7,  11.8
2023-03-09 19:34:00,  17.8,  11.9
2023-03-09 19:35:00,  17.6,  11.7
2023-03-09 19:36:00,  17.8,  11.9
2023-03-09 19:37:00,  17.5,  11.8
2023-03-09 19:38:00,  17.6,  11.9
2023-03-09 19:39:00,  17.4,  11.7
2023-03-09 19:40:00,  17.6,  11.9
2023-03-09 19:41:00,  17.4,  11.7
2023-03-09 19:42:00,  17.4,  11.7
2023-03-09 19:43:00,  17.4,  11.7
2023-03-09 19:44:00,  17.5,  11.9
2023-03-09 19:45:00,  17.2,  11.7
2023-03-09 19:46:00,  17.3,  11.9
2023-03-09 19:47:00,  17.2,  11.8
2023-03-09 19:48:00,  17.1,  11.7
2023-03-09 19:49:00,  17.1,  11.7
2023-03-09 19:50:00,  17.1,  11.7
2023-03-09 19:51:00,  17.3,  11.8
2023-03-09 19:52:00,  17.4,  11.9
2023-03-09 19:53:00,  17.5,  11.9
2023-03-09 19:54:00,  17.2,  11.6
2023-03-09 19:55:00,  17.2,  11.8
2023-03-09 19:56:00,  16.9,  11.7
2023-03-09 19:57:00,  16.8,  11.9
2023-03-09 19:58:00,  16.5,  11.8
2023-03-09 19:59:00,  16.5,  11.8
2023-03-09 20:00:00,  16.5,  12.0
2023-03-09 20:01:00,  16.4,  11.9
2023-03-09 20:02:00,  16.4,  11.9
2023-03-09 20:03:00,  16.3,  11.8
2023-03-09 20:04:00,  16.2,  11.8
2023-03-09 20:05:00,  16.1,  11.9
2023-03-09 20:06:00,  16.0,  11.9
2023-03-10 07:03:00,  15.0,  13.7
2023-03-10 07:04:00,  14.9,  13.8
2023-03-10 07:05:00,  15.0,  13.7
2023-03-10 07:06:00,  15.7,  13.8
2023-03-10 07:07:00,  16.7,  13.9
2023-03-10 07:08:00,  17.6,  13.9
2023-03-10 07:09:00,  18.4,  13.8
2023-03-10 07:10:00,  19.4,  13.7
2023-03-10 07:11:00,  20.2,  13.9
2023-03-10 07:12:00,  20.4,  13.7
2023-03-10 07:13:00,  20.6,  13.8
2023-03-10 07:14:00,  20.7,  13.9
2023-03-10 07:15:00,  20.6,  13.7
2023-03-10 07:16:00,  20.9,  13.9
2023-03-10 07:17:00,  21.0,  13.9
2023-03-10 07:18:00,  21.0,  13.9
2023-03-10 07:19:00,  21.0,  13.8
2023-03-10 07:20:00,  21.0,  13.9
2023-03-10 07:21:00,  21.0,  13.8
2023-03-10 07:22:00,  20.9,  13.7
2023-03-10 07:23:00,  21.0,  13.9
2023-03-10 07:24:00,  21.0,  13.9
2023-03-10 07:25:00,  20.8,  13.7
2023-03-10 07:26:00,  20.9,  13.9
2023-03-10 07:27:00,  20.5,  13.9
2023-03-10 07:28:00,  19.9,  13.9
2023-03-10 07:29:00,  19.1,  13.8
2023-03-10 07:30:00,  18.8,  14.0
2023-03-10 07:31:00,  18.7,  14.0
2023-03-10 07:32:00,  18.6,  13.8
2023-03-10 07:33:00,  19.0,  14.1
2023-03-10 07:34:00,  18.9,  13.9
2023-03-10 07:35:00,  18.9,  14.0
2023-03-10 07:36:00,  18.6,  14.0
2023-03-10 07:37:00,  18.5,  14.0
2023-03-10 07:38:00,  18.6,  14.1
2023-03-10 07:39:00,  18.7,  14.2
2023-03-10 07:40:00,  18.7,  14.2
2023-03-10 07:41:00,  18.2,  14.1
2023-03-10 07:42:00,  18.3,  14.3
2023-03-10 07:43:00,  17.9,  14.1
2023-03-10 07:44:00,  17.9,  14.2
2023-03-10 07:45:00,  18.0,  14.2
2023-03-10 07:46:00,  18.3,  14.4
2023-03-10 07:47:00,  18.5,  14.4
2023-03-10 07:48:00,  18.9,  14.4
2023-03-10 07:49:00,  19.0,  14.2
2023-03-10 07:50:00,  19.1,  14.3
2023-03-10 07:51:00,  19.0,  14.5
2023-03-10 07:52:00,  18.5,  14.5
2023-03-10 07:53:00,  18.0,  14.5
2023-03-10 07:54:00,  17.5,  14.4
2023-03-10 07:55:00,  17.3,  14.6
2023-03-10 07:56:00,  16.9,  14.5
2023-03-10 07:57:00,  16.3,  14.3
2023-03-10 07:58:00,  15.9,  14.3
2023-03-10 07:59:00,  15.7,  14.3
2023-03-10 08:00:00,  15.7,  14.3
2023-03-10 08:01:00,  15.6,  14.1
2023-03-10 08:02:00,  15.6,  14.0
2023-03-10 08:03:00,  15.8,  13.9
2023-03-10 08:04:00,  16.0,  13.7
2023-03-10 08:05:00,  16.1,  13.4
2023-03-10 08:06:00,  16.4,  13.3
2023-03-10 08:07:00,  17.0,  13.5
2023-03-10 08:08:00,  17.1,  13.3
2023-03-10 08:09:00,  17.4,  13.4
2023-03-10 08:10:00,  17.4,  13.2
2023-03-10 08:11:00,  17.4,  13.2
2023-03-10 08:12:00,  17.6,  13.3
2023-03-10 08:13:00,  17.7,  13.3
2023-03-10 08:14:00,  17.5,  13.1
2023-03-10 08:15:00,  17.8,  13.3
2023-03-10 08:16:00,  17.7,  13.2
2023-03-10 08:17:00,  17.7,  13.3
2023-03-10 08:18:00,  17.7,  13.3
2023-03-10 08:19:00,  17.7,  13.4
2023-03-10 08:20:00,  17.7,  13.3
2023-03-10 08:21:00,  17.6,  13.2
2023-03-10 08:22:00,  17.8,  13.3
2023-03-10 08:23:00,  18.1,  13.5
2023-03-10 08:24:00,  18.1,  13.4
2023-03-10 08:25:00,  18.3,  13.4
2023-03-10 08:26:00,  18.5,  13.5
2023-03-10 08:27:00,  18.7,  13.6
2023-03-10 08:28:00,  19.0,  13.8
2023-03-10 08:29:00,  18.9,  13.8
2023-03-10 08:30:00,  18.5,  13.7
2023-03-10 08:31:00,  18.2,  13.8
2023-03-10 08:32:00,  17.9,  13.9
2023-03-10 08:33:00,  17.6,  13.9
2023-03-10 08:34:00,  17.4,  14.0
2023-03-10 08:35:00,  17.1,  13.9
2023-03-10 08:36:00,  17.0,  14.1
2023-03-10 08:37:00,  16.7,  14.0
2023-03-10 08:38:00,  16.3,  14.0
2023-03-10 08:39:00,  16.1,  14.0
2023-03-10 08:40:00,  16.1,  14.1
2023-03-10 08:41:00,  15.8,  14.0
2023-03-10 08:42:00,  15.8,  13.9
2023-03-10 08:43:00,  16.3,  14.1
2023-03-10 08:44:00,  16.5,  14.0
2023-03-10 08:45:00,  16.7,  13.9
2023-03-10 08:46:00,  16.9,  13.7
2023-03-10 08:47:00,  17.4,  13.8
2023-03-10 08:48:00,  17.5,  13.5
2023-03-10 08:49:00,  17.9,  13.6
2023-03-10 08:50:00,  18.2,  13.5
2023-03-10 08:51:00,  18.5,  13.6
2023-03-10 08:52:00,  18.7,  13.6
2023-03-10 08:53:00,  18.6,  13.5
2023-03-10 08:54:00,  18.8,  13.6
2023-03-10 08:55:00,  18.5,  13.4
2023-03-10 08:56:00,  18.4,  13.3
2023-03-10 08:57:00,  18.5,  13.4
2023-03-10 08:58:00,  18.6,  13.5
2023-03-10 08:59:00,  18.8,  13.6
2023-03-10 09:00:00,  18.8,  13.6
2023-03-10 09:01:00,  18.8,  13.5
2023-03-10 09:02:00,  18.9,  13.6
2023-03-10 09:03:00,  18.9,  13.8
2023-03-10 09:04:00,  18.8,  13.9
2023-03-10 09:05:00,  18.5,  13.8
2023-03-10 09:06:00,  18.2,  13.8
2023-03-10 09:07:00,  18.1,  13.9
2023-03-10 09:08:00,  17.9,  14.0
2023-03-10 09:09:00,  17.5,  14.0
2023-03-10 09:10:00,  17.2,  14.0
2023-03-10 09:11:00,  17.0,  14.1
2023-03-10 09:12:00,  16.7,  14.0
2023-03-10 09:13:00,  17.0,  14.1
2023-03-10 09:14:00,  17.0,  14.0
2023-03-10 09:15:00,  17.4,  14.1
2023-03-10 09:16:00,  17.6,  14.0
2023-03-10 09:17:00,  18.1,  14.1
2023-03-10 09:18:00,  18.6,  14.1
2023-03-10 09:19:00,  18.9,  14.0
2023-03-10 09:20:00,  19.2,  14.2
2023-03-10 09:21:00,  18.8,  13.9
2023-03-10 09:22:00,  19.1,  14.0
2023-03-10 09:23:00,  19.0,  14.0
2023-03-10 09:24:00,  18.5,  13.8
2023-03-10 09:25:00,  18.2,  13.8
2023-03-10 09:26:00,  17.9,  13.7
2023-03-10 09:27:00,  17.7,  13.7
2023-03-10 09:28:00,  17.6,  13.8
2023-03-10 09:29:00,  17.8,  14.1
2023-03-10 09:30:00,  17.7,  14.0
2023-03-10 09:31:00,  17.4,  13.9
2023-03-10 09:32:00,  17.3,  13.8
2023-03-10 09:33:00,  17.6,  14.1
2023-03-10 09:34:00,  17.6,  14.0
2023-03-10 09:35:00,  17.4,  13.9
2023-03-10 09:36:00,  17.4,  13.9
2023-03-10 09:37:00,  17.0,  13.8
2023-03-10 09:38:00,  17.2,  13.9
2023-03-10 09:39:00,  16.9,  13.7
2023-03-10 09:40:00,  16.9,  13.8
2023-03-10 09:41:00,  16.8,  13.7
2023-03-10 09:42:00,  17.0,  13.9
2023-03-10 09:43:00,  16.8,  13.7
2023-03-10 09:44:00,  17.2,  14.0
2023-03-10 09:45:00,  17.4,  13.9
2023-03-10 09:46:00,  17.7,  13.9
2023-03-10 09:47:00,  18.1,  13.9
2023-03-10 09:48:00,  18.2,  13.7
2023-03-10 09:49:00,  18.5,  13.7
2023-03-10 09:50:00,  18.7,  13.7
2023-03-10 09:51:00,  19.0,  13.9
2023-03-10 09:52:00,  18.8,  13.8
2023-03-10 09:53:00,  19.0,  13.9
2023-03-10 09:54:00,  18.5,  13.8
2023-03-10 09:55:00,  18.0,  13.7
2023-03-10 09:56:00,  17.9,  14.0
2023-03-10 09:57:00,  17.4,  14.0
2023-03-10 09:58:00,  17.1,  14.0
2023-03-10 09:59:00,  16.5,  13.9
2023-03-10 10:00:00,  16.5,  14.0
2023-03-10 10:01:00,  16.1,  13.9
2023-03-10 10:02:00,  16.2,  13.9
2023-03-10 10:03:00,  16.4,  14.0
2023-03-10 10:04:00,  16.5,  13.9
2023-03-10 10:05:00,  16.9,  14.0
2023-03-10 10:06:00,  17.0,  13.8
2023-03-10 10:07:00,  17.5,  14.0
2023-03-10 10:08:00,  17.6,  13.8
2023-03-10 10:09:00,  17.9,  13.8
2023-03-10 10:10:00,  18.0,  13.7
2023-03-10 10:11:00,  18.0,  13.5
2023-03-10 10:12:00,  18.3,  13.6
2023-03-10 10:13:00,  18.2,  13.4
2023-03-10 10:14:00,  18.1,  13.3
2023-03-10 10:15:00,  18.1,  13.4
2023-03-10 10:16:00,  18.0,  13.3
2023-03-10 10:17:00,  18.0,  13.4
2023-03-10 10:18:00,  17.9,  13.3
2023-03-10 10:19:00,  18.0,  13.3
2023-03-10 10:20:00,  18.1,  13.4
2023-03-10 10:21:00,  18.2,  13.4
2023-03-10 10:22:00,  18.3,  13.3
2023-03-10 10:23:00,  18.4,  13.3
2023-03-10 10:24:00,  18.7,  13.4
2023-03-10 10:25:00,  18.9,  13.5
2023-03-10 10:26:00,  18.8,  13.5
2023-03-10 10:27:00,  18.6,  13.5
2023-03-10 10:28:00,  18.1,  13.4
2023-03-10 10:29:00,  17.9,  13.5
2023-03-10 10:30:00,  17.7,  13.5
2023-03-10 10:31:00,  17.4,  13.5
2023-03-10 10:32:00,  17.3,  13.6
2023-03-10 10:33:00,  17.2,  13.7
2023-03-10 10:34:00,  16.7,  13.4
2023-03-10 10:35:00,  16.8,  13.7
2023-03-10 10:36:00,  16.6,  13.5
2023-03-10 10:37:00,  16.8,  13.7
2023-03-10 10:38:00,  16.7,  13.5
2023-03-10 10:39:00,  16.9,  13.8
2023-03-10 10:40:00,  16.7,  13.7
2023-03-10 10:41:00,  16.6,  13.7
2023-03-10 10:42:00,  16.6,  13.7
2023-03-10 10:43:00,  16.6,  13.7
2023-03-10 10:44:00,  16.6,  13.7
2023-03-10 10:45:00,  16.3,  13.5
2023-03-10 10:46:00,  16.6,  13.6
2023-03-10 10:47:00,  16.8,  13.6
2023-03-10 10:48:00,  17.1,  13.6
2023-03-10 10:49:00,  17.5,  13.7
2023-03-10 10:50:00,  17.7,  13.6
2023-03-10 10:51:00,  18.0,  13.7
2023-03-10 10:52:00,  18.3,  13.7
2023-03-10 10:53:00,  18.4,  13.6
2023-03-10 10:54:00,  18.7,  13.8
2023-03-10 10:55:00,  18.8,  13.7
2023-03-10 10:56:00,  18.8,  13.6
2023-03-10 10:57:00,  18.5,  13.5
2023-03-10 10:58:00,  18.2,  13.4
2023-03-10 10:59:00,  18.1,  13.5
2023-03-10 11:00:00,  17.7,  13.5
2023-03-10 11:01:00,  17.2,  13.4
2023-03-10 11:02:00,  16.9,  13.3
2023-03-10 11:03:00,  16.7,  13.2
2023-03-10 11:04:00,  16.7,  13.3
2023-03-10 11:05:00,  16.6,  13.1
2023-03-10 11:06:00,  16.9,  13.2
2023-03-10 11:07:00,  16.8,  12.9
2023-03-10 11:08:00,  17.0,  12.9
2023-03-10 11:09:00,  17.3,  13.0
2023-03-10 11:10:00,  17.5,  13.0
2023-03-10 11:11:00,  17.5,  12.8
2023-03-10 11:12:00,  17.7,  12.9
2023-03-10 11:13:00,  17.7,  12.9
2023-03-10 11:14:00,  17.4,  12.8
2023-03-10 11:15:00,  17.3,  12.8
2023-03-10 11:16:00,  17.5,  12.9
2023-03-10 11:17:00,  17.4,  12.8
2023-03-10 11:18:00,  17.5,  12.8
2023-03-10 11:19:00,  17.6,  12.8
2023-03-10 11:20:00,  17.9,  13.0
2023-03-10 11:21:00,  18.0,  13.1
2023-03-10 11:22:00,  18.1,  13.1
2023-03-10 11:23:00,  18.1,  13.0
2023-03-10 11:24:00,  18.1,  13.1
2023-03-10 11:25:00,  17.9,  13.0
2023-03-10 11:26:00,  17.9,  13.0
2023-03-10 11:27:00,  18.0,  13.0
2023-03-10 11:28:00,  18.1,  12.9
2023-03-10 11:29:00,  18.3,  13.0
2023-03-10 11:30:00,  18.4,  13.0
2023-03-10 11:31:00,  18.8,  13.2
2023-03-10 11:32:00,  18.5,  13.0
2023-03-10 11:33:00,  18.7,  13.2
2023-03-10 11:34:00,  18.5,  13.1
2023-03-10 11:35:00,  18.5,  13.1
2023-03-10 11:36:00,  18.7,  13.2
2023-03-10 11:37:00,  18.7,  13.2
2023-03-10 11:38:00,  18.6,  13.1
2023-03-10 11:39:00,  18.9,  13.3
2023-03-10 11:40:00,  18.9,  13.3
2023-03-10 11:41:00,  19.0,  13.3
2023-03-10 11:42:00,  19.0,  13.3
2023-03-10 11:43:00,  19.1,  13.4
2023-03-10 11:44:00,  18.9,  13.3
2023-03-10 11:45:00,  18.5,  13.4
2023-03-10 11:46:00,  18.5,  13.6
2023-03-10 11:47:00,  17.9,  13.5
2023-03-10 11:48:00,  17.8,  13.7
2023-03-10 11:49:00,  17.3,  13.5
2023-03-10 11:50:00,  17.0,  13.7
2023-03-10 11:51:00,  16.7,  13.7
2023-03-10 11:52:00,  16.1,  13.6
2023-03-10 11:53:00,  15.9,  13.6
2023-03-10 11:54:00,  15.8,  13.7
2023-03-10 11:55:00,  16.0,  13.8
2023-03-10 11:56:00,  15.9,  13.7
2023-03-10 11:57:00,  16.1,  13.8
2023-03-10 11:58:00,  16.2,  13.9
2023-03-10 11:59:00,  16.0,  13.7
2023-03-10 12:00:00,  16.4,  13.9
2023-03-10 12:01:00,  16.4,  13.8
2023-03-10 12:02:00,  16.4,  13.7
2023-03-10 12:03:00,  16.2,  13.8
2023-03-10 12:04:00,  16.2,  13.7
2023-03-10 12:05:00,  16.3,  13.6
2023-03-10 12:06:00,  16.5,  13.7
2023-03-10 12:07:00,  16.6,  13.6
2023-03-10 12:08:00,  17.0,  13.7
2023-03-10 12:09:00,  17.2,  13.7
2023-03-10 12:10:00,  17.5,  13.8
2023-03-10 12:11:00,  17.7,  13.9
2023-03-10 12:12:00,  17.6,  13.7
2023-03-10 12:13:00,  17.8,  13.7
2023-03-10 12:14:00,  17.8,  13.6
2023-03-10 12:15:00,  17.9,  13.7
2023-03-10 12:16:00,  18.2,  13.9
2023-03-10 12:17:00,  17.9,  13.7
2023-03-10 12:18:00,  18.0,  13.7
2023-03-10 12:19:00,  18.1,  13.7
2023-03-10 12:20:00,  18.5,  13.9
2023-03-10 12:21:00,  18.7,  13.9
2023-03-10 12:22:00,  18.8,  13.8
2023-03-10 12:23:00,  19.1,  14.1
2023-03-10 12:24:00,  18.7,  13.9
2023-03-10 12:25:00,  18.6,  14.1
2023-03-10 12:26:00,  18.1,  14.1
2023-03-10 12:27:00,  17.5,  14.0
2023-03-10 12:28:00,  17.2,  14.0
2023-03-10 12:29:00,  17.0,  14.0
2023-03-10 12:30:00,  17.2,  14.2
2023-03-10 12:31:00,  17.3,  14.3
2023-03-10 12:32:00,  17.1,  14.3
2023-03-10 12:33:00,  17.0,  14.1
2023-03-10 12:34:00,  17.1,  14.1
2023-03-10 12:35:00,  17.4,  14.2
2023-03-10 12:36:00,  17.8,  14.3
2023-03-10 12:37:00,  18.2,  14.3
2023-03-10 12:38:00,  18.6,  14.3
2023-03-10 12:39:00,  18.7,  14.2
2023-03-10 12:40:00,  18.7,  14.2
2023-03-10 12:41:00,  18.6,  14.3
2023-03-10 12:42:00,  18.4,  14.3
2023-03-10 12:43:00,  18.2,  14.3
2023-03-10 12:44:00,  18.1,  14.3
2023-03-10 12:45:00,  18.0,  14.1
2023-03-10 12:46:00,  17.8,  14.0
2023-03-10 12:47:00,  17.7,  13.9
2023-03-10 12:48:00,  17.9,  13.9
2023-03-10 12:49:00,  18.3,  14.1
2023-03-10 12:50:00,  18.3,  13.9
2023-03-10 12:51:00,  18.8,  14.0
2023-03-10 12:52:00,  19.0,  14.0
2023-03-10 12:53:00,  18.8,  13.9
2023-03-10 12:54:00,  18.6,  14.0
2023-03-10 12:55:00,  18.0,  13.8
2023-03-10 12:56:00,  17.6,  13.8
2023-03-10 12:57:00,  17.7,  13.9
2023-03-10 12:58:00,  17.6,  13.9
2023-03-10 12:59:00,  17.2,  13.6
2023-03-10 13:00:00,  17.2,  13.6
2023-03-10 13:01:00,  17.4,  13.6
2023-03-10 13:02:00,  17.4,  13.5
2023-03-10 13:03:00,  17.6,  13.5
2023-03-10 13:04:00,  17.8,  13.4
2023-03-10 13:05:00,  18.0,  13.4
2023-03-10 13:06:00,  18.4,  13.6
2023-03-10 13:07:00,  18.5,  13.5
2023-03-10 13:08:00,  18.3,  13.4
2023-03-10 13:09:00,  18.2,  13.3
2023-03-10 13:10:00,  18.4,  13.4
2023-03-10 13:11:00,  18.3,  13.4
2023-03-10 13:12:00,  18.3,  13.2
2023-03-10 13:13:00,  18.4,  13.2
2023-03-10 13:14:00,  18.7,  13.3
2023-03-10 13:15:00,  19.1,  13.5
2023-03-10 13:16:00,  19.1,  13.6
2023-03-10 13:17:00,  18.8,  13.5
2023-03-10 13:18:00,  18.5,  13.4
2023-03-10 13:19:00,  18.3,  13.5
2023-03-10 13:20:00,  17.7,  13.3
2023-03-10 13:21:00,  17.3,  13.3
2023-03-10 13:22:00,  16.9,  13.4
2023-03-10 13:23:00,  16.6,  13.4
2023-03-10 13:24:00,  16.5,  13.4
2023-03-10 13:25:00,  16.4,  13.4
2023-03-10 13:26:00,  16.6,  13.5
2023-03-10 13:27:00,  16.7,  13.6
2023-03-10 13:28:00,  16.5,  13.4
2023-03-10 13:29:00,  16.6,  13.6
2023-03-10 13:30:00,  16.6,  13.6
2023-03-10 13:31:00,  16.5,  13.5
2023-03-10 13:32:00,  16.6,  13.4
2023-03-10 13:33:00,  17.0,  13.7
2023-03-10 13:34:00,  17.0,  13.6
2023-03-10 13:35:00,  17.1,  13.6
2023-03-10 13:36:00,  17.0,  13.6
2023-03-10 13:37:00,  17.3,  13.8
2023-03-10 13:38:00,  17.2,  13.7
2023-03-10 13:39:00,  17.3,  13.7
2023-03-10 13:40:00,  17.3,  13.8
2023-03-10 13:41:00,  17.5,  13.9
2023-03-10 13:42:00,  17.5,  13.8
2023-03-10 13:43:00,  17.7,  13.8
2023-03-10 13:44:00,  18.2,  14.0
2023-03-10 13:45:00,  18.2,  13.8
2023-03-10 13:46:00,  18.7,  14.0
2023-03-10 13:47:00,  18.6,  13.9
2023-03-10 13:48:00,  18.8,  14.0
2023-03-10 13:49:00,  18.6,  13.9
2023-03-10 13:50:00,  18.7,  14.0
2023-03-10 13:51:00,  18.8,  14.1
2023-03-10 13:52:00,  18.6,  13.9
2023-03-10 13:53:00,  18.8,  14.0
2023-03-10 13:54:00,  18.8,  13.8
2023-03-10 13:55:00,  18.8,  13.8
2023-03-10 13:56:00,  18.6,  14.0
2023-03-10 13:57:00,  18.3,  14.0
2023-03-10 13:58:00,  18.0,  14.0
2023-03-10 13:59:00,  17.5,  13.8
2023-03-10 14:00:00,  17.4,  13.8
2023-03-10 14:01:00,  17.4,  14.0
2023-03-10 14:02:00,  17.1,  13.9
2023-03-10 14:03:00,  16.6,  13.7
2023-03-10 14:04:00,  16.2,  13.7
2023-03-10 14:05:00,  16.2,  13.9
2023-03-10 14:06:00,  15.8,  13.7
2023-03-10 14:07:00,  15.8,  13.6
2023-03-10 14:08:00,  15.6,  13.4
2023-03-10 14:09:00,  15.8,  13.6
2023-03-10 14:10:00,  15.7,  13.5
2023-03-10 14:11:00,  15.9,  13.5
2023-03-10 14:12:00,  16.0,  13.7
2023-03-10 14:13:00,  15.7,  13.5
2023-03-10 14:14:00,  15.9,  13.6
2023-03-10 14:15:00,  16.2,  13.7
2023-03-10 14:16:00,  16.4,  13.6
2023-03-10 14:17:00,  16.9,  13.8
2023-03-10 14:18:00,  17.0,  13.8
2023-03-10 14:19:00,  17.1,  13.8
2023-03-10 14:20:00,  17.1,  13.7
2023-03-10 14:21:00,  17.5,  13.9
2023-03-10 14:22:00,  17.4,  13.8
2023-03-10 14:23:00,  17.8,  14.0
2023-03-10 14:24:00,  17.7,  13.9
2023-03-10 14:25:00,  18.0,  14.0
2023-03-10 14:26:00,  17.9,  14.0
2023-03-10 14:27:00,  17.7,  13.9
2023-03-10 14:28:00,  17.8,  13.9
2023-03-10 14:29:00,  18.0,  13.8
2023-03-10 14:30:00,  18.3,  13.9
2023-03-10 14:31:00,  18.3,  13.8
2023-03-10 14:32:00,  18.8,  13.9
2023-03-10 14:33:00,  18.8,  13.8
2023-03-10 14:34:00,  18.7,  13.8
2023-03-10 14:35:00,  18.4,  13.7
2023-03-10 14:36:00,  18.3,  13.8
2023-03-10 14:37:00,  18.1,  13.7
2023-03-10 14:38:00,  18.2,  13.8
2023-03-10 14:39:00,  18.1,  13.7
2023-03-10 14:40:00,  18.0,  13.6
2023-03-10 14:41:00,  18.3,  13.8
2023-03-10 14:42:00,  18.2,  13.7
2023-03-10 14:43:00,  18.0,  13.7
2023-03-10 14:44:00,  17.9,  13.6
2023-03-10 14:45:00,  18.1,  13.7
2023-03-10 14:46:00,  18.2,  13.8
2023-03-10 14:47:00,  18.4,  13.8
2023-03-10 14:48:00,  18.6,  13.8
2023-03-10 14:49:00,  19.0,  13.9
2023-03-10 14:50:00,  18.7,  13.9
2023-03-10 14:51:00,  18.1,  13.7
2023-03-10 14:52:00,  17.9,  13.8
2023-03-10 14:53:00,  17.4,  13.8
2023-03-10 14:54:00,  16.8,  13.6
2023-03-10 14:55:00,  16.7,  13.7
2023-03-10 14:56:00,  16.8,  13.8
2023-03-10 14:57:00,  16.6,  13.6
2023-03-10 14:58:00,  16.6,  13.6
2023-03-10 14:59:00,  16.7,  13.6
2023-03-10 15:00:00,  17.0,  13.7
2023-03-10 15:01:00,  17.1,  13.7
2023-03-10 15:02:00,  17.2,  13.7
2023-03-10 15:03:00,  17.3,  13.6
2023-03-10 15:04:00,  17.1,  13.5
2023-03-10 15:05:00,  16.8,  13.4
2023-03-10 15:06:00,  17.1,  13.7
2023-03-10 15:07:00,  17.2,  13.6
2023-03-10 15:08:00,  17.5,  13.7
2023-03-10 15:09:00,  17.7,  13.6
2023-03-10 15:10:00,  17.8,  13.5
2023-03-10 15:11:00,  18.0,  13.5
2023-03-10 15:12:00,  18.1,  13.5
2023-03-10 15:13:00,  18.2,  13.5
2023-03-10 15:14:00,  18.4,  13.6
2023-03-10 15:15:00,  18.4,  13.7
2023-03-10 15:16:00,  18.3,  13.7
2023-03-10 15:17:00,  18.1,  13.5
2023-03-10 15:18:00,  18.4,  13.7
2023-03-10 15:19:00,  18.4,  13.6
2023-03-10 15:20:00,  18.4,  13.6
2023-03-10 15:21:00,  18.4,  13.7
2023-03-10 15:22:00,  18.3,  13.7
2023-03-10 15:23:00,  18.6,  13.8
2023-03-10 15:24:00,  18.8,  13.8
2023-03-10 15:25:00,  18.8,  13.8
2023-03-10 15:26:00,  18.5,  13.8
2023-03-10 15:27:00,  18.2,  13.7
2023-03-10 15:28:00,  17.9,  13.9
2023-03-10 15:29:00,  17.3,  13.7
2023-03-10 15:30:00,  17.1,  13.7
2023-03-10 15:31:00,  16.7,  13.5
2023-03-10 15:32:00,  16.7,  13.5
2023-03-10 15:33:00,  16.9,  13.6
2023-03-10 15:34:00,  16.6,  13.5
2023-03-10 15:35:00,  16.5,  13.4
2023-03-10 15:36:00,  16.8,  13.6
2023-03-10 15:37:00,  16.8,  13.5
2023-03-10 15:38:00,  17.2,  13.6
2023-03-10 15:39:00,  17.4,  13.5
2023-03-10 15:40:00,  17.4,  13.3
2023-03-10 15:41:00,  17.6,  13.2
2023-03-10 15:42:00,  17.8,  13.3
2023-03-10 15:43:00,  17.8,  13.3
2023-03-10 15:44:00,  17.6,  13.1
2023-03-10 15:45:00,  17.5,  13.1
2023-03-10 15:46:00,  17.5,  13.1
2023-03-10 15:47:00,  17.6,  13.1
2023-03-10 15:48:00,  17.6,  13.1
2023-03-10 15:49:00,  17.7,  13.1
2023-03-10 15:50:00,  17.6,  13.0
2023-03-10 15:51:00,  17.8,  13.1
2023-03-10 15:52:00,  18.0,  13.2
2023-03-10 15:53:00,  18.1,  13.1
2023-03-10 15:54:00,  18.1,  13.0
2023-03-10 15:55:00,  18.3,  13.0
2023-03-10 15:56:00,  18.6,  13.1
2023-03-10 15:57:00,  18.4,  13.0
2023-03-10 15:58:00,  18.3,  13.0
2023-03-10 15:59:00,  18.6,  13.1
2023-03-10 16:00:00,  18.6,  13.1
2023-03-10 16:01:00,  18.7,  13.1
2023-03-10 16:02:00,  18.5,  12.9
2023-03-10 16:03:00,  18.4,  12.9
2023-03-10 16:04:00,  18.5,  13.1
2023-03-10 16:05:00,  18.7,  13.2
2023-03-10 16:06:00,  18.5,  13.0
2023-03-10 16:07:00,  18.9,  13.2
2023-03-10 16:08:00,  18.9,  13.2
2023-03-10 16:09:00,  18.8,  13.3
2023-03-10 16:10:00,  18.4,  13.2
2023-03-10 16:11:00,  18.1,  13.3
2023-03-10 16:12:00,  17.7,  13.3
2023-03-10 16:13:00,  17.1,  13.1
2023-03-10 16:14:00,  16.8,  13.3
2023-03-10 16:15:00,  16.5,  13.2
2023-03-10 16:16:00,  16.5,  13.2
2023-03-10 16:17:00,  16.4,  13.3
2023-03-10 16:18:00,  16.2,  13.1
2023-03-10 16:19:00,  16.6,  13.3
2023-03-10 16:20:00,  16.8,  13.3
2023-03-10 16:21:00,  16.8,  13.1
2023-03-10 16:22:00,  17.1,  13.1
2023-03-10 16:23:00,  17.3,  13.1
2023-03-10 16:24:00,  17.4,  13.1
2023-03-10 16:25:00,  17.7,  13.3
2023-03-10 16:26:00,  17.6,  13.1
2023-03-10 16:27:00,  18.0,  13.4
2023-03-10 16:28:00,  17.7,  13.1
2023-03-10 16:29:00,  17.9,  13.2
2023-03-10 16:30:00,  18.2,  13.4
2023-03-10 16:31:00,  18.2,  13.3
2023-03-10 16:32:00,  18.7,  13.4
2023-03-10 16:33:00,  18.8,  13.4
2023-03-10 16:34:00,  19.0,  13.5
2023-03-10 16:35:00,  18.6,  13.3
2023-03-10 16:36:00,  18.4,  13.5
2023-03-10 16:37:00,  17.9,  13.3
2023-03-10 16:38:00,  17.7,  13.4
2023-03-10 16:39:00,  17.4,  13.5
2023-03-10 16:40:00,  17.0,  13.3
2023-03-10 16:41:00,  17.0,  13.6
2023-03-10 16:42:00,  16.8,  13.5
2023-03-10 16:43:00,  16.5,  13.2
2023-03-10 16:44:00,  16.6,  13.4
2023-03-10 16:45:00,  16.6,  13.4
2023-03-10 16:46:00,  16.4,  13.3
2023-03-10 16:47:00,  16.2,  13.3
2023-03-10 16:48:00,  15.9,  13.2
2023-03-10 16:49:00,  16.0,  13.2
2023-03-10 16:50:00,  16.0,  13.4
2023-03-10 16:51:00,  16.2,  13.4
2023-03-10 16:52:00,  16.3,  13.4
2023-03-10 16:53:00,  16.5,  13.4
2023-03-10 16:54:00,  16.6,  13.2
2023-03-10 16:55:00,  16.8,  13.1
2023-03-10 16:56:00,  17.2,  13.3
2023-03-10 16:57:00,  17.3,  13.2
2023-03-10 16:58:00,  17.3,  13.0
2023-03-10 16:59:00,  17.4,  13.0
2023-03-10 17:00:00,  17.7,  13.1
2023-03-10 17:01:00,  17.6,  12.9
2023-03-10 17:02:00,  17.8,  12.9
2023-03-10 17:03:00,  17.9,  12.9
2023-03-10 17:04:00,  17.9,  12.7
2023-03-10 17:05:00,  18.3,  13.0
2023-03-10 17:06:00,  18.2,  12.8
2023-03-10 17:07:00,  18.5,  12.9
2023-03-10 17:08:00,  18.5,  12.8
2023-03-10 17:09:00,  18.5,  12.7
2023-03-10 17:10:00,  18.8,  12.8
2023-03-10 17:11:00,  18.9,  12.8
2023-03-10 17:12:00,  18.8,  12.9
2023-03-10 17:13:00,  18.3,  12.7
2023-03-10 17:14:00,  18.0,  12.8
2023-03-10 17:15:00,  17.8,  13.0
2023-03-10 17:16:00,  17.3,  12.8
2023-03-10 17:17:00,  16.9,  12.8
2023-03-10 17:18:00,  16.7,  12.9
2023-03-10 17:19:00,  16.5,  12.8
2023-03-10 17:20:00,  16.6,  13.0
2023-03-10 17:21:00,  16.3,  12.8
2023-03-10 17:22:00,  16.3,  12.9
2023-03-10 17:23:00,  16.5,  13.0
2023-03-10 17:24:00,  16.6,  13.1
2023-03-10 17:25:00,  16.6,  13.0
2023-03-10 17:26:00,  16.7,  13.0
2023-03-10 17:27:00,  16.7,  13.1
2023-03-10 17:28:00,  16.6,  12.9
2023-03-10 17:29:00,  16.8,  13.0
2023-03-10 17:30:00,  16.6,  12.9
2023-03-10 17:31:00,  16.7,  13.0
2023-03-10 17:32:00,  16.9,  13.1
2023-03-10 17:33:00,  16.8,  13.0
2023-03-10 17:34:00,  16.8,  12.9
2023-03-10 17:35:00,  17.1,  13.0
2023-03-10 17:36:00,  17.3,  13.0
2023-03-10 17:37:00,  17.6,  12.9
2023-03-10 17:38:00,  17.9,  12.9
2023-03-10 17:39:00,  18.2,  13.0
2023-03-10 17:40:00,  18.4,  13.0
2023-03-10 17:41:00,  18.4,  13.0
2023-03-10 17:42:00,  18.3,  12.8
2023-03-10 17:43:00,  18.2,  12.8
2023-03-10 17:44:00,  18.5,  13.0
2023-03-10 17:45:00,  18.5,  12.9
2023-03-10 17:46:00,  18.6,  12.9
2023-03-10 17:47:00,  18.5,  13.0
2023-03-10 17:48:00,  18.5,  13.0
2023-03-10 17:49:00,  18.5,  13.1
2023-03-10 17:50:00,  18.6,  13.2
2023-03-10 17:51:00,  18.7,  13.2
2023-03-10 17:52:00,  18.6,  13.0
2023-03-10 17:53:00,  18.7,  13.0
2023-03-10 17:54:00,  18.6,  13.1
2023-03-10 17:55:00,  18.3,  13.2
2023-03-10 17:56:00,  18.0,  13.2
2023-03-10 17:57:00,  17.8,  13.1
2023-03-10 17:58:00,  17.8,  13.2
2023-03-10 17:59:00,  17.8,  13.2
2023-03-10 18:00:00,  17.7,  13.2
2023-03-10 18:01:00,  17.5,  13.3
2023-03-10 18:02:00,  17.4,  13.2
2023-03-10 18:03:00,  17.6,  13.4
2023-03-10 18:04:00,  17.6,  13.3
2023-03-10 18:05:00,  17.7,  13.3
2023-03-10 18:06:00,  18.0,  13.4
2023-03-10 18:07:00,  18.0,  13.3
2023-03-10 18:08:00,  18.2,  13.3
2023-03-10 18:09:00,  18.1,  13.2
2023-03-10 18:10:00,  18.2,  13.2
2023-03-10 18:11:00,  18.0,  13.0
2023-03-10 18:12:00,  18.1,  12.9
2023-03-10 18:13:00,  18.3,  13.0
2023-03-10 18:14:00,  18.3,  12.9
2023-03-10 18:15:00,  18.4,  12.9
2023-03-10 18:16:00,  18.4,  12.8
2023-03-10 18:17:00,  18.6,  12.8
2023-03-10 18:18:00,  18.4,  12.8
2023-03-10 18:19:00,  18.2,  12.7
2023-03-10 18:20:00,  18.2,  12.6
2023-03-10 18:21:00,  18.1,  12.6
2023-03-10 18:22:00,  18.5,  12.8
2023-03-10 18:23:00,  18.6,  12.7
2023-03-10 18:24:00,  18.6,  12.7
2023-03-10 18:25:00,  18.6,  12.7
2023-03-10 18:26:00,  18.4,  12.6
2023-03-10 18:27:00,  18.1,  12.4
2023-03-10 18:28:00,  18.2,  12.5
2023-03-10 18:29:00,  18.2,  12.5
2023-03-10 18:30:00,  18.3,  12.6
2023-03-10 18:31:00,  18.2,  12.5
2023-03-10 18:32:00,  18.1,  12.5
2023-03-10 18:33:00,  18.3,  12.7
2023-03-10 18:34:00,  18.3,  12.7
2023-03-10 18:35:00,  18.2,  12.5
2023-03-10 18:36:00,  18.5,  12.7
2023-03-10 18:37:00,  18.6,  12.6
2023-03-10 18:38:00,  18.6,  12.5
2023-03-10 18:39:00,  18.6,  12.5
2023-03-10 18:40:00,  18.5,  12.7
2023-03-10 18:41:00,  18.0,  12.8
2023-03-10 18:42:00,  17.2,  12.6
2023-03-10 18:43:00,  16.8,  12.6
2023-03-10 18:44:00,  16.8,  12.7
2023-03-10 18:45:00,  16.7,  12.8
2023-03-10 18:46:00,  16.5,  12.6
2023-03-10 18:47:00,  16.3,  12.6
2023-03-10 18:48:00,  16.4,  12.7
2023-03-10 18:49:00,  16.4,  12.7
2023-03-10 18:50:00,  16.3,  12.6
2023-03-10 18:51:00,  16.3,  12.6
2023-03-10 18:52:00,  16.5,  12.7
2023-03-10 18:53:00,  16.4,  12.6
2023-03-10 18:54:00,  16.3,  12.5
2023-03-10 18:55:00,  16.3,  12.5
2023-03-10 18:56:00,  16.4,  12.5
2023-03-10 18:57:00,  16.3,  12.4
2023-03-10 18:58:00,  16.1,  12.3
2023-03-10 18:59:00,  16.0,  12.3
2023-03-10 19:00:00,  16.2,  12.4
2023-03-10 19:01:00,  16.1,  12.3
2023-03-10 19:02:00,  16.0,  12.2
2023-03-10 19:03:00,  16.0,  12.3
2023-03-10 19:04:00,  16.1,  12.3
2023-03-10 19:05:00,  16.1,  12.2
2023-03-10 19:06:00,  16.2,  12.2
2023-03-10 19:07:00,  16.5,  12.3
2023-03-10 19:08:00,  16.5,  12.2
2023-03-10 19:09:00,  16.5,  12.2
2023-03-10 19:10:00,  16.7,  12.3
2023-03-10 19:11:00,  16.4,  12.2
2023-03-10 19:12:00,  16.7,  12.3
2023-03-10 19:13:00,  16.7,  12.3
2023-03-10 19:14:00,  16.7,  12.4
2023-03-10 19:15:00,  16.7,  12.4
2023-03-10 19:16:00,  16.7,  12.4
2023-03-10 19:17:00,  16.7,  12.4
2023-03-10 19:18:00,  16.8,  12.4
2023-03-10 19:19:00,  16.7,  12.3
2023-03-10 19:20:00,  17.1,  12.5
2023-03-10 19:21:00,  17.0,  12.4
2023-03-10 19:22:00,  17.0,  12.3
2023-03-10 19:23:00,  17.0,  12.3
2023-03-10 19:24:00,  17.0,  12.3
2023-03-10 19:25:00,  16.9,  12.4
2023-03-10 19:26:00,  16.9,  12.5
2023-03-10 19:27:00,  16.6,  12.3
2023-03-10 19:28:00,  16.9,  12.5
2023-03-10 19:29:00,  16.8,  12.4
2023-03-10 19:30:00,  16.9,  12.4
2023-03-10 19:31:00,  16.9,  12.5
2023-03-10 19:32:00,  16.9,  12.5
2023-03-10 19:33:00,  16.7,  12.3
2023-03-10 19:34:00,  16.8,  12.4
2023-03-10 19:35:00,  17.0,  12.5
2023-03-10 19:36:00,  17.0,  12.4
2023-03-10 19:37:00,  17.0,  12.3
2023-03-10 19:38:00,  17.1,  12.4
2023-03-10 19:39:00,  16.7,  12.2
2023-03-10 19:40:00,  16.8,  12.3
2023-03-10 19:41:00,  16.9,  12.3
2023-03-10 19:42:00,  16.9,  12.2
2023-03-10 19:43:00,  17.0,  12.2
2023-03-10 19:44:00,  17.0,  12.2
2023-03-10 19:45:00,  16.8,  12.0
2023-03-10 19:46:00,  16.7,  12.0
2023-03-10 19:47:00,  16.6,  12.0
2023-03-10 19:48:00,  16.8,  12.1
2023-03-10 19:49:00,  16.9,  12.2
2023-03-10 19:50:00,  16.7,  12.0
2023-03-10 19:51:00,  16.9,  12.2
2023-03-10 19:52:00,  17.0,  12.1
2023-03-10 19:53:00,  16.9,  12.1
2023-03-10 19:54:00,  16.8,  12.2
2023-03-10 19:55:00,  16.6,  12.1
2023-03-10 19:56:00,  16.5,  12.2
2023-03-10 19:57:00,  16.2,  12.0
2023-03-10 19:58:00,  16.2,  12.1
2023-03-10 19:59:00,  16.3,  12.2
2023-03-10 20:00:00,  16.3,  12.1
2023-03-10 20:01:00,  16.2,  12.1
2023-03-10 20:02:00,  16.0,  12.1
2023-03-10 20:03:00,  16.1,  12.3
2023-03-10 20:04:00,  15.9,  12.1
2023-03-10 20:05:00,  15.9,  12.1
2023-03-10 20:06:00,  16.0,  12.2
2023-03-10 20:07:00,  16.1,  12.3
2023-03-10 20:08:00,  16.4,  12.3
2023-03-10 20:09:00,  16.3,  12.3
2023-03-10 20:10:00,  16.3,  12.4
2023-03-10 20:11:00,  16.2,  12.3
2023-03-10 20:12:00,  15.9,  12.2
2023-03-10 20:13:00,  15.8,  12.2
2023-03-11 06:42:00,   9.4,   7.3
2023-03-11 06:43:00,   9.5,   7.3
2023-03-11 06:44:00,   9.5,   7.3
2023-03-11 06:45:00,  10.3,   7.5
2023-03-11 06:46:00,  10.8,   7.5
2023-03-11 06:47:00,  11.5,   7.6
2023-03-11 06:48:00,  12.4,   7.5
2023-03-11 06:49:00,  13.6,   7.6
2023-03-11 06:50:00,  14.8,   7.5
2023-03-11 06:51:00,  16.3,   7.7
2023-03-11 06:52:00,  17.5,   7.7
2023-03-11 06:53:00,  18.3,   7.6
2023-03-11 06:54:00,  19.0,   7.6
2023-03-11 06:55:00,  19.2,   7.6
2023-03-11 06:56:00,  19.0,   7.8
2023-03-11 06:57:00,  18.8,   7.9
2023-03-11 06:58:00,  18.6,   7.9
2023-03-11 06:59:00,  18.1,   7.7
2023-03-11 07:00:00,  17.7,   7.7
2023-03-11 07:01:00,  17.4,   7.8
2023-03-11 07:02:00,  17.1,   7.9
2023-03-11 07:03:00,  16.9,   7.9
2023-03-11 07:04:00,  16.8,   8.1
2023-03-11 07:05:00,  16.5,   8.0
2023-03-11 07:06:00,  16.3,   8.0
2023-03-11 07:07:00,  16.2,   8.0
2023-03-11 07:08:00,  16.3,   8.2
2023-03-11 07:09:00,  16.4,   8.2
2023-03-11 07:10:00,  16.6,   8.1
2023-03-11 07:11:00,  17.2,   8.2
2023-03-11 07:12:00,  17.6,   8.1
2023-03-11 07:13:00,  17.9,   8.1
2023-03-11 07:14:00,  17.9,   8.1
2023-03-11 07:15:00,  17.9,   8.1
2023-03-11 07:16:00,  18.0,   8.2
2023-03-11 07:17:00,  18.1,   8.2
2023-03-11 07:18:00,  18.6,   8.2
2023-03-11 07:19:00,  19.1,   8.4
2023-03-11 07:20:00,  18.6,   8.2
2023-03-11 07:21:00,  18.2,   8.4
2023-03-11 07:22:00,  17.4,   8.5
2023-03-11 07:23:00,  16.5,   8.5
2023-03-11 07:24:00,  15.7,   8.5
2023-03-11 07:25:00,  15.4,   8.6
2023-03-11 07:26:00,  15.3,   8.6
2023-03-11 07:27:00,  15.4,   8.5
2023-03-11 07:28:00,  15.8,   8.6
2023-03-11 07:29:00,  16.3,   8.7
2023-03-11 07:30:00,  16.7,   8.8
2023-03-11 07:31:00,  16.8,   8.8
2023-03-11 07:32:00,  17.0,   8.9
2023-03-11 07:33:00,  17.1,   8.9
2023-03-11 07:34:00,  17.0,   8.8
2023-03-11 07:35:00,  17.0,   8.8
2023-03-11 07:36:00,  17.1,   8.8
2023-03-11 07:37:00,  17.0,   8.6
2023-03-11 07:38:00,  17.3,   8.8
2023-03-11 07:39:00,  17.5,   8.9
2023-03-11 07:40:00,  17.5,   8.7
2023-03-11 07:41:00,  17.6,   8.7
2023-03-11 07:42:00,  17.6,   8.7
2023-03-11 07:43:00,  17.7,   8.8
2023-03-11 07:44:00,  17.6,   8.8
2023-03-11 07:45:00,  17.6,   8.9
2023-03-11 07:46:00,  17.2,   8.9
2023-03-11 07:47:00,  17.0,   8.9
2023-03-11 07:48:00,  17.0,   9.1
2023-03-11 07:49:00,  16.7,   9.0
2023-03-11 07:50:00,  16.7,   9.0
2023-03-11 07:51:00,  16.8,   9.1
2023-03-11 07:52:00,  17.2,   9.3
2023-03-11 07:53:00,  17.5,   9.3
2023-03-11 07:54:00,  17.6,   9.3
2023-03-11 07:55:00,  17.8,   9.4
2023-03-11 07:56:00,  17.7,   9.3
2023-03-11 07:57:00,  17.8,   9.3
2023-03-11 07:58:00,  18.2,   9.5
2023-03-11 07:59:00,  18.0,   9.4
2023-03-11 08:00:00,  18.1,   9.5
2023-03-11 08:01:00,  18.0,   9.6
2023-03-11 08:02:00,  17.9,   9.6
2023-03-11 08:03:00,  17.6,   9.6
2023-03-11 08:04:00,  17.5,   9.6
2023-03-11 08:05:00,  17.6,   9.7
2023-03-11 08:06:00,  17.8,   9.9
2023-03-11 08:07:00,  17.9,   9.9
2023-03-11 08:08:00,  18.1,  10.0
2023-03-11 08:09:00,  18.1,   9.8
2023-03-11 08:10:00,  18.6,  10.0
2023-03-11 08:11:00,  18.6,   9.9
2023-03-11 08:12:00,  18.7,   9.9
2023-03-11 08:13:00,  18.3,  10.0
2023-03-11 08:14:00,  17.7,  10.1
2023-03-11 08:15:00,  17.3,  10.1
2023-03-11 08:16:00,  16.8,  10.1
2023-03-11 08:17:00,  16.5,  10.1
2023-03-11 08:18:00,  16.3,  10.3
2023-03-11 08:19:00,  16.0,  10.2
2023-03-11 08:20:00,  15.9,  10.3
2023-03-11 08:21:00,  16.1,  10.5
2023-03-11 08:22:00,  16.2,  10.6
2023-03-11 08:23:00,  16.4,  10.6
2023-03-11 08:24:00,  16.4,  10.5
2023-03-11 08:25:00,  16.5,  10.4
2023-03-11 08:26:00,  16.7,  10.5
2023-03-11 08:27:00,  16.9,  10.6
2023-03-11 08:28:00,  17.2,  10.7
2023-03-11 08:29:00,  17.3,  10.8
2023-03-11 08:30:00,  17.5,  10.8
2023-03-11 08:31:00,  17.6,  10.9
2023-03-11 08:32:00,  17.9,  10.9
2023-03-11 08:33:00,  18.1,  10.9
2023-03-11 08:34:00,  18.1,  10.8
2023-03-11 08:35:00,  18.2,  10.8
2023-03-11 08:36:00,  18.5,  11.0
2023-03-11 08:37:00,  18.5,  10.9
2023-03-11 08:38:00,  18.6,  11.1
2023-03-11 08:39:00,  18.5,  11.1
2023-03-11 08:40:00,  18.2,  11.0
2023-03-11 08:41:00,  18.2,  11.2
2023-03-11 08:42:00,  18.3,  11.3
2023-03-11 08:43:00,  18.3,  11.3
2023-03-11 08:44:00,  18.5,  11.5
2023-03-11 08:45:00,  18.6,  11.5
2023-03-11 08:46:00,  18.7,  11.5
2023-03-11 08:47:00,  18.8,  11.5
2023-03-11 08:48:00,  18.6,  11.6
2023-03-11 08:49:00,  18.1,  11.6
2023-03-11 08:50:00,  17.6,  11.7
2023-03-11 08:51:00,  16.8,  11.6
2023-03-11 08:52:00,  16.3,  11.9
2023-03-11 08:53:00,  15.6,  11.8
2023-03-11 08:54:00,  15.4,  11.9
2023-03-11 08:55:00,  15.2,  11.9
2023-03-11 08:56:00,  15.6,  12.2
2023-03-11 08:57:00,  15.9,  12.2
2023-03-11 08:58:00,  16.3,  12.3
2023-03-11 08:59:00,  16.7,  12.4
2023-03-11 09:00:00,  17.0,  12.4
2023-03-11 09:01:00,  17.3,  12.4
2023-03-11 09:02:00,  17.5,  12.3
2023-03-11 09:03:00,  17.8,  12.5
2023-03-11 09:04:00,  18.1,  12.5
2023-03-11 09:05:00,  18.3,  12.6
2023-03-11 09:06:00,  18.2,  12.7
2023-03-11 09:07:00,  18.2,  12.8
2023-03-11 09:08:00,  18.0,  12.7
2023-03-11 09:09:00,  18.1,  12.9
2023-03-11 09:10:00,  17.8,  12.9
2023-03-11 09:11:00,  17.4,  12.9
2023-03-11 09:12:00,  17.5,  13.1
2023-03-11 09:13:00,  17.4,  13.0
2023-03-11 09:14:00,  17.6,  13.2
2023-03-11 09:15:00,  17.5,  13.2
2023-03-11 09:16:00,  17.4,  13.1
2023-03-11 09:17:00,  17.7,  13.3
2023-03-11 09:18:00,  17.5,  13.3
2023-03-11 09:19:00,  17.6,  13.4
2023-03-11 09:20:00,  17.7,  13.4
2023-03-11 09:21:00,  17.6,  13.2
2023-03-11 09:22:00,  17.6,  13.2
2023-03-11 09:23:00,  17.6,  13.3
2023-03-11 09:24:00,  17.8,  13.4
2023-03-11 09:25:00,  17.8,  13.4
2023-03-11 09:26:00,  17.8,  13.4
2023-03-11 09:27:00,  17.8,  13.5
2023-03-11 09:28:00,  18.1,  13.6
2023-03-11 09:29:00,  17.9,  13.5
2023-03-11 09:30:00,  17.9,  13.5
2023-03-11 09:31:00,  18.0,  13.6
2023-03-11 09:32:00,  18.0,  13.7
2023-03-11 09:33:00,  18.0,  13.7
2023-03-11 09:34:00,  18.2,  13.8
2023-03-11 09:35:00,  17.9,  13.7
2023-03-11 09:36:00,  18.1,  13.9
2023-03-11 09:37:00,  18.0,  13.9
2023-03-11 09:38:00,  18.0,  13.8
2023-03-11 09:39:00,  18.0,  13.8
2023-03-11 09:40:00,  18.0,  13.9
2023-03-11 09:41:00,  18.1,  14.0
2023-03-11 09:42:00,  18.1,  14.0
2023-03-11 09:43:00,  18.0,  14.0
2023-03-11 09:44:00,  18.2,  14.1
2023-03-11 09:45:00,  18.2,  14.2
2023-03-11 09:46:00,  17.8,  14.1
2023-03-11 09:47:00,  17.7,  14.3
2023-03-11 09:48:00,  17.6,  14.4
2023-03-11 09:49:00,  17.2,  14.2
2023-03-11 09:50:00,  17.4,  14.4
2023-03-11 09:51:00,  18.0,  14.5
2023-03-11 09:52:00,  18.6,  14.5
2023-03-11 09:53:00,  19.2,  14.6
2023-03-11 09:54:00,  19.3,  14.4
2023-03-11 09:55:00,  19.5,  14.6
2023-03-11 09:56:00,  19.7,  14.9
2023-03-11 09:57:00,  19.4,  14.7
2023-03-11 09:58:00,  19.4,  14.9
2023-03-11 09:59:00,  19.1,  14.8
2023-03-11 10:00:00,  19.0,  14.9
2023-03-11 10:01:00,  18.8,  14.9
2023-03-11 10:02:00,  18.7,  14.9
2023-03-11 10:03:00,  18.6,  15.0
2023-03-11 10:04:00,  18.4,  15.0
2023-03-11 10:05:00,  18.3,  15.2
2023-03-11 10:06:00,  18.0,  15.1
2023-03-11 10:07:00,  17.8,  15.1
2023-03-11 10:08:00,  17.7,  15.3
2023-03-11 10:09:00,  17.5,  15.4
2023-03-11 10:10:00,  17.1,  15.2
2023-03-11 10:11:00,  17.0,  15.2
2023-03-11 10:12:00,  16.8,  15.2
2023-03-11 10:13:00,  16.8,  15.3
2023-03-11 10:14:00,  16.5,  15.3
2023-03-11 10:15:00,  16.3,  15.4
2023-03-11 10:16:00,  16.0,  15.3
2023-03-11 10:17:00,  16.5,  15.5
2023-03-11 10:18:00,  16.6,  15.3
2023-03-11 10:19:00,  17.3,  15.5
2023-03-11 10:20:00,  17.6,  15.4
2023-03-11 10:21:00,  17.6,  15.3
2023-03-11 10:22:00,  17.7,  15.3
2023-03-11 10:23:00,  18.0,  15.6
2023-03-11 10:24:00,  17.8,  15.3
2023-03-11 10:25:00,  18.1,  15.5
2023-03-11 10:26:00,  18.2,  15.4
2023-03-11 10:27:00,  18.8,  15.6
2023-03-11 10:28:00,  19.0,  15.3
2023-03-11 10:29:00,  19.1,  15.5
2023-03-11 10:30:00,  18.8,  15.4
2023-03-11 10:31:00,  18.5,  15.6
2023-03-11 10:32:00,  18.0,  15.5
2023-03-11 10:33:00,  17.5,  15.4
2023-03-11 10:34:00,  17.2,  15.5
2023-03-11 10:35:00,  16.9,  15.6
2023-03-11 10:36:00,  16.3,  15.3
2023-03-11 10:37:00,  16.3,  15.5
2023-03-11 10:38:00,  16.0,  15.3
2023-03-11 10:39:00,  16.2,  15.3
2023-03-11 10:40:00,  16.6,  15.4
2023-03-11 10:41:00,  16.5,  15.1
2023-03-11 10:42:00,  16.6,  15.2
2023-03-11 10:43:00,  16.6,  15.2
2023-03-11 10:44:00,  16.7,  15.3
2023-03-11 10:45:00,  16.6,  15.0
2023-03-11 10:46:00,  17.0,  15.1
2023-03-11 10:47:00,  17.5,  15.0
2023-03-11 10:48:00,  18.0,  14.9
2023-03-11 10:49:00,  18.6,  15.0
2023-03-11 10:50:00,  18.9,  14.8
2023-03-11 10:51:00,  19.1,  15.1
2023-03-11 10:52:00,  18.7,  15.1
2023-03-11 10:53:00,  18.1,  14.9
2023-03-11 10:54:00,  17.7,  14.9
2023-03-11 10:55:00,  17.4,  15.0
2023-03-11 10:56:00,  16.9,  14.9
2023-03-11 10:57:00,  16.6,  15.1
2023-03-11 10:58:00,  15.8,  14.9
2023-03-11 10:59:00,  15.5,  15.0
2023-03-11 11:00:00,  15.3,  14.9
2023-03-11 11:01:00,  15.7,  15.1
2023-03-11 11:02:00,  15.8,  14.9
2023-03-11 11:03:00,  16.5,  15.1
2023-03-11 11:04:00,  17.1,  15.1
2023-03-11 11:05:00,  17.8,  15.2
2023-03-11 11:06:00,  18.4,  15.2
2023-03-11 11:07:00,  18.9,  15.1
2023-03-11 11:08:00,  19.1,  15.0
2023-03-11 11:09:00,  19.1,  15.0
2023-03-11 11:10:00,  18.8,  15.1
2023-03-11 11:11:00,  18.2,  15.1
2023-03-11 11:12:00,  17.8,  15.1
2023-03-11 11:13:00,  17.3,  15.1
2023-03-11 11:14:00,  17.0,  15.2
2023-03-11 11:15:00,  16.6,  15.1
2023-03-11 11:16:00,  16.3,  15.2
2023-03-11 11:17:00,  16.2,  15.4
2023-03-11 11:18:00,  16.2,  15.4
2023-03-11 11:19:00,  16.4,  15.4
2023-03-11 11:20:00,  16.6,  15.3
2023-03-11 11:21:00,  17.0,  15.2
2023-03-11 11:22:00,  17.6,  15.4
2023-03-11 11:23:00,  17.9,  15.4
2023-03-11 11:24:00,  18.1,  15.3
2023-03-11 11:25:00,  18.0,  15.2
2023-03-11 11:26:00,  18.1,  15.4
2023-03-11 11:27:00,  18.0,  15.3
2023-03-11 11:28:00,  18.2,  15.4
2023-03-11 11:29:00,  18.3,  15.4
2023-03-11 11:30:00,  18.4,  15.3
2023-03-11 11:31:00,  18.6,  15.3
2023-03-11 11:32:00,  19.1,  15.6
2023-03-11 11:33:00,  18.7,  15.5
2023-03-11 11:34:00,  18.1,  15.3
2023-03-11 11:35:00,  17.4,  15.3
2023-03-11 11:36:00,  17.1,  15.5
2023-03-11 11:37:00,  16.6,  15.4
2023-03-11 11:38:00,  16.5,  15.5
2023-03-11 11:39:00,  16.1,  15.3
2023-03-11 11:40:00,  16.2,  15.3
2023-03-11 11:41:00,  16.4,  15.3
2023-03-11 11:42:00,  16.8,  15.3
2023-03-11 11:43:00,  17.5,  15.5
2023-03-11 11:44:00,  17.7,  15.3
2023-03-11 11:45:00,  18.2,  15.3
2023-03-11 11:46:00,  18.9,  15.4
2023-03-11 11:47:00,  19.1,  15.3
2023-03-11 11:48:00,  18.9,  15.3
2023-03-11 11:49:00,  18.9,  15.4
2023-03-11 11:50:00,  18.3,  15.2
2023-03-11 11:51:00,  18.3,  15.5
2023-03-11 11:52:00,  17.8,  15.4
2023-03-11 11:53:00,  17.1,  15.4
2023-03-11 11:54:00,  16.7,  15.5
2023-03-11 11:55:00,  16.1,  15.5
2023-03-11 11:56:00,  15.6,  15.3
2023-03-11 11:57:00,  15.9,  15.5
2023-03-11 11:58:00,  15.9,  15.3
2023-03-11 11:59:00,  16.5,  15.5
2023-03-11 12:00:00,  16.9,  15.5
2023-03-11 12:01:00,  17.6,  15.5
2023-03-11 12:02:00,  18.0,  15.4
2023-03-11 12:03:00,  18.7,  15.5
2023-03-11 12:04:00,  19.3,  15.6
2023-03-11 12:05:00,  19.3,  15.5
2023-03-11 12:06:00,  19.1,  15.6
2023-03-11 12:07:00,  19.0,  15.7
2023-03-11 12:08:00,  18.5,  15.6
2023-03-11 12:09:00,  18.1,  15.5
2023-03-11 12:10:00,  17.7,  15.5
2023-03-11 12:11:00,  17.6,  15.7
2023-03-11 12:12:00,  16.9,  15.5
2023-03-11 12:13:00,  16.3,  15.5
2023-03-11 12:14:00,  15.8,  15.5
2023-03-11 12:15:00,  15.5,  15.5
2023-03-11 12:16:00,  15.2,  15.5
2023-03-11 12:17:00,  15.6,  15.7
2023-03-11 12:18:00,  15.7,  15.7
2023-03-11 12:19:00,  16.1,  15.7
2023-03-11 12:20:00,  16.6,  15.7
2023-03-11 12:21:00,  17.1,  15.7
2023-03-11 12:22:00,  17.5,  15.7
2023-03-11 12:23:00,  17.9,  15.6
2023-03-11 12:24:00,  18.0,  15.4
2023-03-11 12:25:00,  18.6,  15.5
2023-03-11 12:26:00,  18.9,  15.6
2023-03-11 12:27:00,  18.8,  15.4
2023-03-11 12:28:00,  18.9,  15.7
2023-03-11 12:29:00,  18.2,  15.5
2023-03-11 12:30:00,  18.1,  15.6
2023-03-11 12:31:00,  17.6,  15.4
2023-03-11 12:32:00,  17.6,  15.6
2023-03-11 12:33:00,  17.4,  15.5
2023-03-11 12:34:00,  17.3,  15.4
2023-03-11 12:35:00,  17.4,  15.4
2023-03-11 12:36:00,  17.5,  15.5
2023-03-11 12:37:00,  17.7,  15.4
2023-03-11 12:38:00,  18.2,  15.7
2023-03-11 12:39:00,  18.5,  15.7
2023-03-11 12:40:00,  18.5,  15.5
2023-03-11 12:41:00,  18.8,  15.5
2023-03-11 12:42:00,  19.2,  15.7
2023-03-11 12:43:00,  18.8,  15.6
2023-03-11 12:44:00,  18.5,  15.6
2023-03-11 12:45:00,  18.4,  15.8
2023-03-11 12:46:00,  17.7,  15.6
2023-03-11 12:47:00,  17.5,  15.8
2023-03-11 12:48:00,  17.2,  15.8
2023-03-11 12:49:00,  16.9,  15.7
2023-03-11 12:50:00,  16.9,  15.9
2023-03-11 12:51:00,  16.5,  15.7
2023-03-11 12:52:00,  16.6,  15.8
2023-03-11 12:53:00,  16.8,  15.9
2023-03-11 12:54:00,  17.1,  15.9
2023-03-11 12:55:00,  17.3,  15.8
2023-03-11 12:56:00,  17.8,  16.0
2023-03-11 12:57:00,  17.9,  15.8
2023-03-11 12:58:00,  18.4,  15.9
2023-03-11 12:59:00,  18.6,  15.8
2023-03-11 13:00:00,  18.9,  15.8
2023-03-11 13:01:00,  18.7,  15.8
2023-03-11 13:02:00,  18.5,  15.7
2023-03-11 13:03:00,  18.3,  15.7
2023-03-11 13:04:00,  18.2,  15.7
2023-03-11 13:05:00,  18.2,  15.8
2023-03-11 13:06:00,  18.2,  15.8
2023-03-11 13:07:00,  18.1,  15.7
2023-03-11 13:08:00,  18.5,  15.8
2023-03-11 13:09:00,  18.8,  15.8
2023-03-11 13:10:00,  18.9,  15.6
2023-03-11 13:11:00,  19.1,  15.8
2023-03-11 13:12:00,  19.0,  15.8
2023-03-11 13:13:00,  18.6,  15.6
2023-03-11 13:14:00,  18.5,  15.6
2023-03-11 13:15:00,  18.3,  15.7
2023-03-11 13:16:00,  18.4,  15.8
2023-03-11 13:17:00,  18.1,  15.6
2023-03-11 13:18:00,  18.1,  15.6
2023-03-11 13:19:00,  18.3,  15.9
2023-03-11 13:20:00,  17.9,  15.7
2023-03-11 13:21:00,  18.0,  15.9
2023-03-11 13:22:00,  17.5,  15.8
2023-03-11 13:23:00,  17.4,  16.0
2023-03-11 13:24:00,  16.9,  15.7
2023-03-11 13:25:00,  16.8,  15.9
2023-03-11 13:26:00,  16.6,  15.8
2023-03-11 13:27:00,  16.7,  16.0
2023-03-11 13:28:00,  16.5,  15.9
2023-03-11 13:29:00,  16.4,  16.0
2023-03-11 13:30:00,  16.3,  16.0
2023-03-11 13:31:00,  16.3,  16.1
2023-03-11 13:32:00,  16.4,  16.1
2023-03-11 13:33:00,  16.8,  16.1
2023-03-11 13:34:00,  17.2,  15.9
2023-03-11 13:35:00,  17.9,  15.9
2023-03-11 13:36:00,  18.7,  16.0
2023-03-11 13:37:00,  19.3,  16.0
2023-03-11 13:38:00,  19.5,  16.0
2023-03-11 13:39:00,  19.3,  15.9
2023-03-11 13:40:00,  19.0,  15.9
2023-03-11 13:41:00,  18.8,  15.9
2023-03-11 13:42:00,  18.4,  15.9
2023-03-11 13:43:00,  18.4,  16.1
2023-03-11 13:44:00,  18.0,  15.9
2023-03-11 13:45:00,  17.6,  15.8
2023-03-11 13:46:00,  17.7,  16.0
2023-03-11 13:47:00,  17.5,  16.0
2023-03-11 13:48:00,  17.3,  15.9
2023-03-11 13:49:00,  16.9,  15.7
2023-03-11 13:50:00,  17.1,  16.0
2023-03-11 13:51:00,  16.7,  15.7
2023-03-11 13:52:00,  16.9,  16.0
2023-03-11 13:53:00,  16.7,  15.8
2023-03-11 13:54:00,  16.7,  15.8
2023-03-11 13:55:00,  16.8,  15.9
2023-03-11 13:56:00,  16.7,  15.9
2023-03-11 13:57:00,  16.6,  15.8
2023-03-11 13:58:00,  16.6,  15.9
2023-03-11 13:59:00,  16.5,  15.9
2023-03-11 14:00:00,  16.1,  15.6
2023-03-11 14:01:00,  16.1,  15.7
2023-03-11 14:02:00,  16.2,  15.8
2023-03-11 14:03:00,  16.5,  15.9
2023-03-11 14:04:00,  16.8,  15.8
2023-03-11 14:05:00,  17.1,  15.7
2023-03-11 14:06:00,  17.7,  15.7
2023-03-11 14:07:00,  18.3,  15.8
2023-03-11 14:08:00,  18.7,  15.7
2023-03-11 14:09:00,  19.3,  15.9
2023-03-11 14:10:00,  19.2,  15.8
2023-03-11 14:11:00,  19.0,  15.9
2023-03-11 14:12:00,  18.8,  16.0
2023-03-11 14:13:00,  18.5,  16.0
2023-03-11 14:14:00,  18.0,  15.8
2023-03-11 14:15:00,  17.7,  15.7
2023-03-11 14:16:00,  17.8,  16.0
2023-03-11 14:17:00,  17.5,  15.9
2023-03-11 14:18:00,  17.3,  15.9
2023-03-11 14:19:00,  17.1,  15.9
2023-03-11 14:20:00,  16.7,  15.7
2023-03-11 14:21:00,  16.7,  15.8
2023-03-11 14:22:00,  16.5,  15.8
2023-03-11 14:23:00,  16.4,  15.7
2023-03-11 14:24:00,  16.2,  15.6
2023-03-11 14:25:00,  16.2,  15.6
2023-03-11 14:26:00,  16.2,  15.7
2023-03-11 14:27:00,  16.3,  15.8
2023-03-11 14:28:00,  16.2,  15.5
2023-03-11 14:29:00,  16.4,  15.6
2023-03-11 14:30:00,  16.5,  15.6
2023-03-11 14:31:00,  16.5,  15.6
2023-03-11 14:32:00,  16.7,  15.6
2023-03-11 14:33:00,  17.0,  15.7
2023-03-11 14:34:00,  17.3,  15.6
2023-03-11 14:35:00,  17.5,  15.5
2023-03-11 14:36:00,  18.1,  15.7
2023-03-11 14:37:00,  18.5,  15.7
2023-03-11 14:38:00,  18.9,  15.7
2023-03-11 14:39:00,  19.0,  15.5
2023-03-11 14:40:00,  19.1,  15.7
2023-03-11 14:41:00,  18.8,  15.7
2023-03-11 14:42:00,  18.5,  15.7
2023-03-11 14:43:00,  18.0,  15.5
2023-03-11 14:44:00,  17.7,  15.6
2023-03-11 14:45:00,  17.4,  15.5
2023-03-11 14:46:00,  17.1,  15.5
2023-03-11 14:47:00,  17.1,  15.6
2023-03-11 14:48:00,  17.1,  15.5
2023-03-11 14:49:00,  17.3,  15.7
2023-03-11 14:50:00,  17.4,  15.8
2023-03-11 14:51:00,  17.2,  15.5
2023-03-11 14:52:00,  17.3,  15.6
2023-03-11 14:53:00,  17.2,  15.7
2023-03-11 14:54:00,  16.8,  15.5
2023-03-11 14:55:00,  16.5,  15.5
2023-03-11 14:56:00,  16.2,  15.4
2023-03-11 14:57:00,  16.1,  15.4
2023-03-11 14:58:00,  16.1,  15.4
2023-03-11 14:59:00,  16.5,  15.4
2023-03-11 15:00:00,  17.0,  15.5
2023-03-11 15:01:00,  17.2,  15.3
2023-03-11 15:02:00,  17.6,  15.3
2023-03-11 15:03:00,  18.3,  15.5
2023-03-11 15:04:00,  18.4,  15.2
2023-03-11 15:05:00,  19.1,  15.4
2023-03-11 15:06:00,  18.9,  15.2
2023-03-11 15:07:00,  18.6,  15.1
2023-03-11 15:08:00,  18.3,  15.0
2023-03-11 15:09:00,  18.0,  15.1
2023-03-11 15:10:00,  17.8,  15.1
2023-03-11 15:11:00,  17.5,  15.2
2023-03-11 15:12:00,  17.2,  15.1
2023-03-11 15:13:00,  16.9,  15.0
2023-03-11 15:14:00,  16.9,  15.2
2023-03-11 15:15:00,  16.7,  15.1
2023-03-11 15:16:00,  16.3,  15.0
2023-03-11 15:17:00,  16.1,  15.1
2023-03-11 15:18:00,  15.8,  15.0
2023-03-11 15:19:00,  15.8,  15.1
2023-03-11 15:20:00,  15.8,  15.1
2023-03-11 15:21:00,  15.6,  15.0
2023-03-11 15:22:00,  15.9,  15.2
2023-03-11 15:23:00,  15.9,  15.1
2023-03-11 15:24:00,  16.1,  15.1
2023-03-11 15:25:00,  16.4,  15.2
2023-03-11 15:26:00,  16.6,  15.2
2023-03-11 15:27:00,  16.8,  15.2
2023-03-11 15:28:00,  16.9,  15.2
2023-03-11 15:29:00,  16.9,  15.1
2023-03-11 15:30:00,  17.1,  15.1
2023-03-11 15:31:00,  17.2,  15.1
2023-03-11 15:32:00,  17.5,  15.2
2023-03-11 15:33:00,  17.5,  15.2
2023-03-11 15:34:00,  17.7,  15.2
2023-03-11 15:35:00,  18.1,  15.3
2023-03-11 15:36:00,  18.3,  15.1
2023-03-11 15:37:00,  18.9,  15.3
2023-03-11 15:38:00,  19.0,  15.2
2023-03-11 15:39:00,  19.0,  15.2
2023-03-11 15:40:00,  18.6,  15.1
2023-03-11 15:41:00,  18.5,  15.2
2023-03-11 15:42:00,  18.3,  15.2
2023-03-11 15:43:00,  18.2,  15.3
2023-03-11 15:44:00,  17.7,  15.0
2023-03-11 15:45:00,  17.7,  15.3
2023-03-11 15:46:00,  17.5,  15.3
2023-03-11 15:47:00,  17.0,  15.0
2023-03-11 15:48:00,  17.1,  15.2
2023-03-11 15:49:00,  16.8,  15.0
2023-03-11 15:50:00,  16.9,  15.3
2023-03-11 15:51:00,  16.5,  15.1
2023-03-11 15:52:00,  16.3,  15.1
2023-03-11 15:53:00,  16.4,  15.3
2023-03-11 15:54:00,  16.3,  15.3
2023-03-11 15:55:00,  16.1,  15.1
2023-03-11 15:56:00,  16.7,  15.4
2023-03-11 15:57:00,  16.8,  15.1
2023-03-11 15:58:00,  17.4,  15.2
2023-03-11 15:59:00,  18.1,  15.4
2023-03-11 16:00:00,  18.6,  15.4
2023-03-11 16:01:00,  19.1,  15.5
2023-03-11 16:02:00,  19.0,  15.4
2023-03-11 16:03:00,  18.8,  15.5
2023-03-11 16:04:00,  18.4,  15.3
2023-03-11 16:05:00,  18.1,  15.4
2023-03-11 16:06:00,  17.8,  15.4
2023-03-11 16:07:00,  17.7,  15.6
2023-03-11 16:08:00,  17.5,  15.7
2023-03-11 16:09:00,  17.0,  15.4
2023-03-11 16:10:00,  17.0,  15.7
2023-03-11 16:11:00,  16.7,  15.6
2023-03-11 16:12:00,  16.4,  15.6
2023-03-11 16:13:00,  16.4,  15.7
2023-03-11 16:14:00,  16.0,  15.5
2023-03-11 16:15:00,  16.4,  15.7
2023-03-11 16:16:00,  16.4,  15.5
2023-03-11 16:17:00,  16.9,  15.6
2023-03-11 16:18:00,  17.3,  15.5
2023-03-11 16:19:00,  17.9,  15.5
2023-03-11 16:20:00,  18.4,  15.5
2023-03-11 16:21:00,  19.0,  15.7
2023-03-11 16:22:00,  19.1,  15.6
2023-03-11 16:23:00,  18.9,  15.7
2023-03-11 16:24:00,  18.6,  15.7
2023-03-11 16:25:00,  18.1,  15.5
2023-03-11 16:26:00,  17.9,  15.7
2023-03-11 16:27:00,  17.6,  15.6
2023-03-11 16:28:00,  17.1,  15.4
2023-03-11 16:29:00,  17.1,  15.6
2023-03-11 16:30:00,  17.0,  15.6
2023-03-11 16:31:00,  16.6,  15.5
2023-03-11 16:32:00,  16.5,  15.7
2023-03-11 16:33:00,  15.9,  15.4
2023-03-11 16:34:00,  15.9,  15.5
2023-03-11 16:35:00,  15.9,  15.5
2023-03-11 16:36:00,  16.0,  15.5
2023-03-11 16:37:00,  16.3,  15.5
2023-03-11 16:38:00,  16.6,  15.5
2023-03-11 16:39:00,  17.3,  15.7
2023-03-11 16:40:00,  18.0,  15.7
2023-03-11 16:41:00,  18.3,  15.5
2023-03-11 16:42:00,  19.2,  15.8
2023-03-11 16:43:00,  19.3,  15.7
2023-03-11 16:44:00,  19.2,  15.8
2023-03-11 16:45:00,  18.8,  15.6
2023-03-11 16:46:00,  18.6,  15.7
2023-03-11 16:47:00,  18.2,  15.6
2023-03-11 16:48:00,  18.0,  15.8
2023-03-11 16:49:00,  17.8,  15.8
2023-03-11 16:50:00,  17.3,  15.7
2023-03-11 16:51:00,  17.3,  15.9
2023-03-11 16:52:00,  17.0,  15.9
2023-03-11 16:53:00,  16.6,  15.7
2023-03-11 16:54:00,  16.6,  15.9
2023-03-11 16:55:00,  16.5,  15.9
2023-03-11 16:56:00,  16.2,  15.6
2023-03-11 16:57:00,  16.2,  15.7
2023-03-11 16:58:00,  16.2,  15.8
2023-03-11 16:59:00,  16.1,  15.7
2023-03-11 17:00:00,  16.4,  15.6
2023-03-11 17:01:00,  17.0,  15.8
2023-03-11 17:02:00,  17.5,  15.8
2023-03-11 17:03:00,  17.8,  15.6
2023-03-11 17:04:00,  18.2,  15.6
2023-03-11 17:05:00,  18.8,  15.7
2023-03-11 17:06:00,  19.2,  15.8
2023-03-11 17:07:00,  18.8,  15.6
2023-03-11 17:08:00,  18.4,  15.5
2023-03-11 17:09:00,  18.0,  15.5
2023-03-11 17:10:00,  17.9,  15.8
2023-03-11 17:11:00,  17.5,  15.7
2023-03-11 17:12:00,  17.2,  15.7
2023-03-11 17:13:00,  16.6,  15.5
2023-03-11 17:14:00,  16.3,  15.5
2023-03-11 17:15:00,  16.2,  15.5
2023-03-11 17:16:00,  16.2,  15.6
2023-03-11 17:17:00,  16.4,  15.7
2023-03-11 17:18:00,  16.4,  15.4
2023-03-11 17:19:00,  17.0,  15.7
2023-03-11 17:20:00,  17.1,  15.5
2023-03-11 17:21:00,  17.4,  15.6
2023-03-11 17:22:00,  17.3,  15.5
2023-03-11 17:23:00,  17.2,  15.5
2023-03-11 17:24:00,  17.3,  15.7
2023-03-11 17:25:00,  17.3,  15.6
2023-03-11 17:26:00,  17.3,  15.6
2023-03-11 17:27:00,  17.4,  15.5
2023-03-11 17:28:00,  17.5,  15.5
2023-03-11 17:29:00,  17.8,  15.5
2023-03-11 17:30:00,  18.0,  15.5
2023-03-11 17:31:00,  18.3,  15.5
2023-03-11 17:32:00,  18.4,  15.4
2023-03-11 17:33:00,  18.4,  15.4
2023-03-11 17:34:00,  18.4,  15.3
2023-03-11 17:35:00,  18.2,  15.2
2023-03-11 17:36:00,  17.8,  15.0
2023-03-11 17:37:00,  17.9,  15.1
2023-03-11 17:38:00,  17.8,  15.1
2023-03-11 17:39:00,  17.8,  15.1
2023-03-11 17:40:00,  17.7,  14.9
2023-03-11 17:41:00,  17.8,  14.9
2023-03-11 17:42:00,  17.8,  14.8
2023-03-11 17:43:00,  17.8,  14.7
2023-03-11 17:44:00,  18.1,  14.6
2023-03-11 17:45:00,  18.1,  14.5
2023-03-11 17:46:00,  18.3,  14.3
2023-03-11 17:47:00,  18.4,  14.2
2023-03-13 07:02:00,  13.1,  13.3
2023-03-13 07:03:00,  13.2,  13.2
2023-03-13 07:04:00,  13.5,  13.3
2023-03-13 07:05:00,  14.1,  13.2
2023-03-13 07:06:00,  15.1,  13.3
2023-03-13 07:07:00,  16.4,  13.3
2023-03-13 07:08:00,  17.6,  13.3
2023-03-13 07:09:00,  18.9,  13.4
2023-03-13 07:10:00,  19.7,  13.4
2023-03-13 07:11:00,  20.2,  13.4
2023-03-13 07:12:00,  20.5,  13.6
2023-03-13 07:13:00,  20.8,  13.7
2023-03-13 07:14:00,  20.8,  13.6
2023-03-13 07:15:00,  20.8,  13.5
2023-03-13 07:16:00,  21.0,  13.6
2023-03-13 07:17:00,  20.9,  13.5
2023-03-13 07:18:00,  21.0,  13.6
2023-03-13 07:19:00,  21.2,  13.8
2023-03-13 07:20:00,  20.9,  13.6
2023-03-13 07:21:00,  21.2,  13.8
2023-03-13 07:22:00,  21.0,  13.6
2023-03-13 07:23:00,  21.1,  13.7
2023-03-13 07:24:00,  21.0,  13.6
2023-03-13 07:25:00,  21.1,  13.8
2023-03-13 07:26:00,  20.8,  13.7
2023-03-13 07:27:00,  20.5,  13.8
2023-03-13 07:28:00,  19.8,  13.6
2023-03-13 07:29:00,  19.6,  13.8
2023-03-13 07:30:00,  18.9,  13.7
2023-03-13 07:31:00,  18.2,  13.6
2023-03-13 07:32:00,  17.8,  13.6
2023-03-13 07:33:00,  17.9,  13.7
2023-03-13 07:34:00,  17.9,  13.6
2023-03-13 07:35:00,  18.1,  13.7
2023-03-13 07:36:00,  18.2,  13.7
2023-03-13 07:37:00,  18.4,  13.8
2023-03-13 07:38:00,  17.9,  13.6
2023-03-13 07:39:00,  17.7,  13.7
2023-03-13 07:40:00,  17.3,  13.8
2023-03-13 07:41:00,  16.8,  13.6
2023-03-13 07:42:00,  16.7,  13.7
2023-03-13 07:43:00,  16.7,  13.7
2023-03-13 07:44:00,  16.5,  13.6
2023-03-13 07:45:00,  16.7,  13.8
2023-03-13 07:46:00,  16.4,  13.7
2023-03-13 07:47:00,  16.4,  13.8
2023-03-13 07:48:00,  16.3,  13.7
2023-03-13 07:49:00,  16.6,  13.9
2023-03-13 07:50:00,  16.5,  13.7
2023-03-13 07:51:00,  16.7,  13.7
2023-03-13 07:52:00,  17.0,  13.9
2023-03-13 07:53:00,  17.0,  13.6
2023-03-13 07:54:00,  17.1,  13.5
2023-03-13 07:55:00,  17.4,  13.6
2023-03-13 07:56:00,  17.5,  13.6
2023-03-13 07:57:00,  17.7,  13.7
2023-03-13 07:58:00,  17.7,  13.7
2023-03-13 07:59:00,  17.8,  13.8
2023-03-13 08:00:00,  17.5,  13.6
2023-03-13 08:01:00,  17.7,  13.9
2023-03-13 08:02:00,  17.6,  13.8
2023-03-13 08:03:00,  17.7,  13.9
2023-03-13 08:04:00,  17.6,  13.7
2023-03-13 08:05:00,  17.5,  13.5
2023-03-13 08:06:00,  17.5,  13.5
2023-03-13 08:07:00,  17.4,  13.4
2023-03-13 08:08:00,  17.5,  13.5
2023-03-13 08:09:00,  17.4,  13.4
2023-03-13 08:10:00,  17.5,  13.5
2023-03-13 08:11:00,  17.7,  13.6
2023-03-13 08:12:00,  17.5,  13.6
2023-03-13 08:13:00,  17.6,  13.6
2023-03-13 08:14:00,  17.6,  13.5
2023-03-13 08:15:00,  17.6,  13.3
2023-03-13 08:16:00,  17.7,  13.2
2023-03-13 08:17:00,  17.9,  13.2
2023-03-13 08:18:00,  18.1,  13.2
2023-03-13 08:19:00,  18.3,  13.1
2023-03-13 08:20:00,  18.5,  13.0
